# firecrown_theory
1.320077236148367265e-05
1.142419989990596567e-05
9.661165278545733558e-06
7.965670300767954025e-06
6.385807114070107320e-06
4.981187078303953306e-06
3.798757165398079541e-06
2.848572153383053522e-06
2.122044564927238551e-06
1.587971692959344534e-06
1.199605788618080313e-06
9.142587935668176115e-07
6.979302225542732290e-07
5.274432992557149781e-07
3.897468574647086255e-07
2.780927448138070461e-07
1.892898895110533754e-07
1.213657476841332766e-07
7.222236475826538332e-08
3.938445043746189999e-08
2.489864633784465256e-05
2.127176138034175606e-05
1.772011855570688419e-05
1.436609252842896584e-05
1.131266962527632624e-05
8.677317138320384318e-06
6.536192524294308985e-06
4.874458892025594839e-06
3.640919792854298750e-06
2.750162178170678161e-06
2.100924127378737267e-06
1.613861422067076271e-06
1.233196342255658019e-06
9.248679889146981245e-07
6.723182201795694258e-07
4.678924127365813903e-07
3.078891868964709233e-07
1.889256552097670738e-07
1.066448580712149576e-07
5.517113609838390436e-08
2.773179576549313153e-05
2.368219460587816971e-05
1.970558643442139421e-05
1.594389945599149205e-05
1.252029064772393011e-05
9.573143444745239411e-06
7.190410461484697188e-06
5.353220338653422950e-06
3.998418986720252193e-06
3.024973651314158244e-06
2.316705950991561726e-06
1.784202531552011343e-06
1.365919926883878021e-06
1.025127582691094432e-06
7.446546461859370259e-07
5.169796519305820196e-07
3.387015566005858675e-07
2.061943235550708617e-07
1.156065220065774993e-07
5.941354368299044714e-08
2.945803443804126707e-05
2.515021099324446361e-05
2.091427908460520140e-05
1.690406898666206511e-05
1.325501232938552311e-05
1.011816737847844655e-05
7.588555980386991196e-06
5.644697501780177982e-06
4.216161457135803754e-06
3.192395044517507002e-06
2.448153429448716193e-06
1.887932452837001264e-06
1.446712086204876794e-06
1.086122692385756604e-06
7.886359751776227135e-07
5.468034362961505343e-07
3.574109993721702824e-07
2.166771441737696510e-07
1.210491116310556855e-07
6.197634557178586478e-08
3.095142445176601393e-05
2.642014647349839420e-05
2.195983629134799146e-05
1.773464830282209088e-05
1.389058430715604081e-05
1.058964827838409748e-05
7.932982332085276707e-06
5.896836234933224438e-06
4.404508086747631762e-06
3.337202241706693962e-06
2.561864622941055910e-06
1.977678061925414483e-06
1.516585083037344631e-06
1.138877831730902783e-06
8.266733667993030752e-07
5.725994688241721712e-07
3.735794720611334163e-07
2.257366188936166316e-07
1.257462016021176134e-07
6.418726265818371088e-08
7.644930530841652784e-05
6.308247404558016435e-05
5.068288827087157798e-05
3.970403467524909311e-05
3.037826572863155914e-05
2.289076822182061239e-05
1.721501645895569935e-05
1.300298336532659511e-05
9.921660571346390344e-06
7.653529275795870537e-06
5.905714758989625453e-06
4.506421870166532278e-06
3.359353386303217118e-06
2.415179824039681642e-06
1.656507969785148872e-06
1.070907635257081113e-06
6.442655058266221377e-07
3.562084549813188921e-07
1.802165543911547611e-07
7.312185711367335212e-08
1.023841666707905055e-04
8.370523814175128568e-05
6.664318972580448978e-05
5.180792384189960101e-05
3.943922402215951938e-05
2.968476909019068517e-05
2.239983464621121182e-05
1.702125740312113815e-05
1.306780398620067091e-05
1.011966390354645303e-05
7.805450130648120176e-06
5.924856132058131363e-06
4.373089830421650735e-06
3.099097083295202639e-06
2.086207733992800144e-06
1.317736917748999769e-06
7.703692838135767625e-07
4.142973504966826169e-07
1.999247164439638364e-07
7.117889345985782727e-08
1.173153530954237873e-04
9.560102489131190693e-05
7.585642715013324398e-05
5.878993210880436893e-05
4.465562373665298316e-05
3.358531197977279015e-05
2.536834943567917530e-05
1.931851073734738692e-05
1.486694931841750538e-05
1.153272534490396305e-05
8.898078694483189510e-06
6.744208028063402591e-06
4.962025790467727198e-06
3.498811903354383281e-06
2.339237727309491586e-06
1.464158536582697932e-06
8.453411321303268200e-07
4.498323722789653517e-07
2.122684300765109013e-07
7.041970403099585007e-08
1.302349018020739207e-04
1.058938046705566109e-04
8.382805355857399600e-05
6.483104776963638071e-05
4.916914361881367631e-05
3.696024897784142124e-05
2.793671121489143180e-05
2.130595963249189227e-05
1.642368250568150613e-05
1.275562885850038955e-05
9.843229872250078844e-06
7.453328783253858504e-06
5.471573220913202419e-06
3.844757231721614035e-06
2.558000372075179662e-06
1.590697952742586643e-06
9.102738185616932664e-07
4.805468987378981210e-07
2.229350275709790031e-07
6.975616728729055002e-08
1.660601790554108986e-04
1.333018250320835345e-04
1.045230716114807853e-04
8.050559103993828027e-05
6.117267850733484706e-05
4.632865065516353771e-05
3.541099683881499904e-05
2.727184515411486829e-05
2.112126482376772238e-05
1.636948376587859171e-05
1.250846730009773419e-05
9.314637271527199163e-06
6.686708574307724365e-06
4.571469884802938743e-06
2.946388295285392787e-06
1.767732526253251911e-06
9.772069676548669095e-07
4.962034518498826121e-07
2.016963994659509712e-07
4.967018624215577484e-08
2.105531308058047879e-04
1.678242875939656349e-04
1.308806471738887731e-04
1.005499044761829717e-04
7.645289949865160801e-05
5.811544597675923378e-05
4.467859410796088792e-05
3.458826032634641865e-05
2.685735150093640378e-05
2.079570011869010359e-05
1.580907389571202927e-05
1.166535521703876935e-05
8.267743870819168692e-06
5.559717734496638773e-06
3.511152818870627152e-06
2.055265402214954201e-06
1.109125458689107593e-06
5.399860370345816857e-07
1.966490786573023262e-07
3.390928217669101985e-08
2.482470691907652559e-04
1.970728578397977992e-04
1.531995324004363133e-04
1.175043904724787781e-04
8.936086641449543099e-05
6.806157015379743610e-05
5.249394702958875571e-05
4.075878812961441204e-05
3.169947337590725529e-05
2.453741462314698235e-05
1.860469671013880336e-05
1.366123877812794138e-05
9.613433271632707596e-06
6.403375741773961484e-06
3.994965226776301182e-06
2.301961638732602727e-06
1.223518335792065520e-06
5.786122726426087459e-07
1.929286179082888946e-07
2.058881623135168137e-08
3.021103305363663635e-04
2.384254830843690110e-04
1.850261068225905682e-04
1.423624949471511520e-04
1.089911821893751591e-04
8.371220043831739308e-05
6.507863566132757334e-05
5.072346151940438079e-05
3.937903684438642538e-05
3.026430536512499152e-05
2.266047751837775817e-05
1.635610705269732469e-05
1.127090634186325360e-05
7.323944084168234845e-06
4.442989573162127865e-06
2.487556069125539073e-06
1.288109047602959658e-06
5.513764385720108792e-07
1.567740038014246525e-07
-2.466768004718751000e-09
3.896988651209885813e-04
3.060728157305374320e-04
2.371257388336810612e-04
1.828368021792247343e-04
1.406701053595773112e-04
1.087314962682144157e-04
8.504098272115454601e-05
6.648555271812144573e-05
5.155211215190587582e-05
3.940627409015680252e-05
2.921405517613267710e-05
2.079298823245067182e-05
1.407510953828235315e-05
8.944930905862307798e-06
5.282438351268265835e-06
2.875265295881969903e-06
1.431558291059907871e-06
5.490771450882018159e-07
1.165004139033074806e-07
-3.648052309337104678e-08
5.838512898732498924e-04
4.579019699315628879e-04
3.566831910427190251e-04
2.782209574777696256e-04
2.169944354021945262e-04
1.697579510686128969e-04
1.338183115664910163e-04
1.045255332218013685e-04
8.022294607841187937e-05
6.022630389046448494e-05
4.350109664724100748e-05
2.994767771419724756e-05
1.947867652238551489e-05
1.180802770324318366e-05
6.621514404169410182e-06
3.432805375351756792e-06
1.483797027637260156e-06
4.346263285864335092e-07
8.019847731728985108e-09
-1.046092527891017913e-07
1.180386999056278685e-06
1.249570907045777995e-06
1.326480540845210612e-06
1.389283933888713146e-06
1.425459265584675385e-06
1.426506526142853990e-06
1.388109613983259489e-06
1.298166923872791741e-06
1.162320267123369724e-06
9.961720785098626151e-07
8.172218110369033327e-07
6.460236668040845861e-07
4.974630009416091909e-07
3.780654965750447024e-07
2.877446354699302656e-07
2.217114262065463134e-07
1.736563095337144402e-07
1.376844625986964254e-07
1.093148458579395453e-07
8.584477015442461302e-08
2.467068870317002933e-06
2.603882238211166914e-06
2.755928491757620428e-06
2.870728787366488946e-06
2.919241212101071289e-06
2.882395524161391108e-06
2.754133216518237017e-06
2.515192012533431603e-06
2.190177205768858597e-06
1.823803961625354348e-06
1.456671876927798395e-06
1.127373266615398664e-06
8.574440846042948760e-07
6.503947263460363387e-07
4.989894753395755597e-07
3.899229553317533834e-07
3.097819385676228781e-07
2.477771506441620951e-07
1.971017231590007249e-07
1.529979205196983409e-07
2.721568208094050510e-06
2.879142634061757130e-06
3.056501851402354967e-06
3.194761239536157876e-06
3.259717030823517243e-06
3.226939614236103967e-06
3.086600576910981595e-06
2.816522359312518264e-06
2.446163602577895718e-06
2.029007188759200076e-06
1.613362406918831994e-06
1.243371159948364046e-06
9.426341532431894006e-07
7.139122230955604924e-07
5.479680039749451508e-07
4.291339966695974071e-07
3.419949849460975609e-07
2.743000647806673683e-07
2.190395472669855054e-07
1.697229312421531720e-07
2.877349299498901312e-06
3.047606790720051392e-06
3.240391786109504407e-06
3.392869174585637244e-06
3.467689482534394381e-06
3.437206857215566589e-06
3.289296912773860545e-06
3.000065308576392603e-06
2.601981626743763410e-06
2.153859628196619977e-06
1.708679612850619914e-06
1.313947717285711426e-06
9.944912805369160711e-07
7.525978515117140332e-07
5.778063121391584335e-07
4.530250364576455685e-07
3.616267935804870872e-07
2.904637467977664980e-07
2.323903696533283908e-07
1.798975813925237525e-07
3.012253844431236555e-06
3.193465853085249326e-06
3.399578491546469696e-06
3.564342696097159118e-06
3.647668233688353707e-06
3.619127327135388397e-06
3.464651189152813548e-06
3.158833946167015247e-06
2.736774798837589432e-06
2.261864761359088889e-06
1.791148170858367228e-06
1.374999406402266462e-06
1.039338890609448449e-06
7.860595427007163357e-07
6.036276500182903643e-07
4.737015801435537946e-07
3.786059073138087157e-07
3.044459867228903699e-07
2.439355179817783029e-07
1.886981748898700860e-07
1.031545025912574018e-05
1.069526547767860461e-05
1.105305361761579199e-05
1.113418652349406710e-05
1.083276857363226530e-05
1.013124695017682314e-05
9.114412773465984158e-06
7.810390095890138421e-06
6.400102869230182117e-06
5.069733051258032988e-06
3.911566571833621797e-06
2.983961630441778163e-06
2.286598196019005800e-06
1.778185100888958672e-06
1.409565584337749422e-06
1.132160377237387851e-06
9.102656285415583832e-07
7.224665106756771524e-07
5.567493632245324710e-07
4.091660334506557929e-07
1.494146108581165342e-05
1.541329259751137118e-05
1.581701509485961842e-05
1.577849590300097225e-05
1.515842078384528054e-05
1.396396677422215177e-05
1.236221702577856835e-05
1.042588640931654524e-05
8.424688314782845380e-06
6.608164221658166854e-06
5.074740069542957718e-06
3.875964327719527079e-06
2.989480921878839522e-06
2.346441039408497305e-06
1.876042651039683643e-06
1.514069324457598473e-06
1.216563432763114261e-06
9.609330720568324060e-07
7.286119269773704160e-07
5.292628021420778281e-07
1.751366400512720858e-05
1.805215575428639703e-05
1.849917081470462221e-05
1.841161471893562948e-05
1.762739210200029512e-05
1.616429772457657636e-05
1.423439163722137765e-05
1.193734211791560559e-05
9.595338911438945674e-06
7.496344934132418634e-06
5.744067327242693093e-06
4.386867843281028390e-06
3.390600265369715689e-06
2.669865610956725012e-06
2.141779709771739297e-06
1.732173448156781927e-06
1.391981387347913175e-06
1.098715237420588560e-06
8.280170559188559247e-07
5.990826380331208168e-07
1.974013183731498136e-05
2.033617419260719703e-05
2.082057809138783649e-05
2.069035826540420396e-05
1.976391922208763514e-05
1.806821243818475364e-05
1.585430303323213813e-05
1.324520307191169085e-05
1.060843340526352539e-05
8.264817104740127487e-06
6.322988368962897325e-06
4.829089450084357403e-06
3.737729215302965908e-06
2.949924272335641755e-06
2.371624911509231686e-06
1.920794915784439937e-06
1.543873180979570166e-06
1.217910211907148890e-06
9.140235440444218153e-07
6.594847972607286100e-07
2.918078225909309179e-05
2.956317190930823506e-05
2.964014452121587419e-05
2.872284366573025420e-05
2.667803581473679743e-05
2.370846118252880192e-05
2.030104772866628588e-05
1.663307980075954845e-05
1.315898469306963880e-05
1.022423581448077504e-05
7.869965711888015638e-06
6.091206984334605270e-06
4.793721732143104526e-06
3.836631165024074485e-06
3.105720983714231057e-06
2.509034381293822731e-06
1.995773735345147430e-06
1.536281708570973837e-06
1.127600412144419142e-06
8.038822977168640906e-07
3.980796338268859227e-05
4.001900369878595140e-05
3.973172799551166154e-05
3.804334042267752295e-05
3.485591587560188506e-05
3.053943510110092096e-05
2.581933181257450863e-05
2.092955184884318841e-05
1.643875701037570122e-05
1.274582063781252505e-05
9.838672543220223016e-06
7.668159614252010036e-06
6.088018023657237254e-06
4.909046715782616174e-06
3.988641743210154522e-06
3.218770437790616966e-06
2.547791448571843256e-06
1.933027000969135779e-06
1.404910675477282908e-06
9.917542918067017627e-07
4.870975752460288458e-05
4.880211214150053100e-05
4.823218958991776174e-05
4.591416055550867474e-05
4.177667306963888370e-05
3.632978495977569756e-05
3.049988515314475097e-05
2.457351098038721083e-05
1.921795365158070394e-05
1.487882964766890301e-05
1.150070680808318031e-05
8.997164918878489234e-06
7.177758520038154179e-06
5.811957728102299956e-06
4.732904251590806643e-06
3.817727811928111021e-06
3.015437829580336015e-06
2.269381063211925791e-06
1.640322856061877131e-06
1.151715325754435227e-06
6.605814248249623007e-05
6.498520321593995446e-05
6.293832677722305106e-05
5.864329873661620147e-05
5.225127114213153865e-05
4.460792951131024219e-05
3.697070662078247614e-05
2.955879892280910103e-05
2.308593178175561808e-05
1.798712733173307764e-05
1.406461032477155104e-05
1.115427119106069529e-05
9.003448485797881817e-06
7.332839894714471015e-06
5.962754920545281543e-06
4.772247242432101869e-06
3.704149884087623800e-06
2.735407483155227082e-06
1.959663170281895606e-06
1.347446448130049989e-06
9.222881102555809812e-05
8.958983132930252913e-05
8.555147185833152285e-05
7.851212935164259335e-05
6.889135728723551127e-05
5.799050021410293227e-05
4.756811618547831448e-05
3.778556716547682001e-05
2.946409582068254611e-05
2.306320387988791318e-05
1.819145470825943078e-05
1.457936399989951264e-05
1.187514607209872960e-05
9.715430472012925487e-06
7.892794752372789017e-06
6.282980201704948561e-06
4.804823905725859734e-06
3.504387957899874783e-06
2.484930339676881567e-06
1.678659831516617459e-06
1.591138634813462998e-04
1.494377786288212892e-04
1.381555138027509909e-04
1.229614542295165663e-04
1.050215167308047882e-04
8.655947288695598884e-05
7.031965183383281589e-05
5.581276608157891781e-05
4.392161116741886723e-05
3.506954712672372728e-05
2.831540933045398144e-05
2.316076269109048822e-05
1.909106161181677760e-05
1.562384541185177369e-05
1.256252280378464497e-05
9.775588369015330133e-06
7.232248512520116116e-06
5.183361471393290841e-06
3.566242265073503561e-06
2.312014338686436534e-06
2.915248774074922925e-04
2.944057659449849252e-04
2.870243665387529983e-04
2.686730886590430324e-04
2.406918960225775490e-04
2.048026614508810419e-04
1.644981192400996289e-04
1.261329683689126362e-04
9.378293228844650643e-05
6.904780279061599794e-05
5.178119147338844564e-05
4.016926626385533918e-05
3.223207644267898160e-05
2.642237215483999755e-05
2.166450555054488260e-05
1.742635792462731681e-05
1.352188495601056434e-05
9.981378023852981933e-06
6.912835067093571259e-06
4.354021373733789379e-06
1.231796631620675096e-03
1.234753848439063256e-03
1.192232150244723664e-03
1.102761455381563900e-03
9.744989271283141909e-04
8.173096799787881242e-04
6.476360836088929660e-04
4.919953850508181157e-04
3.648926009026906320e-04
2.698588247986611634e-04
2.044126454657450691e-04
1.604390790360001972e-04
1.298848052570065342e-04
1.068493900221304839e-04
8.741501696890923107e-05
6.981533380156113456e-05
5.357039580647857260e-05
3.897278279328404948e-05
2.643773837605527274e-05
1.649266942869184564e-05
1.589640274432775136e-03
1.591552531636611237e-03
1.534352144316706700e-03
1.416507518250393781e-03
1.249043142424682970e-03
1.045220458429391803e-03
8.265252092872664913e-04
6.270502007462984721e-04
4.649396168088575586e-04
3.441397904903398318e-04
2.611225298816048732e-04
2.053153235389284180e-04
1.664314603352308236e-04
1.369775846944976930e-04
1.120161192416150285e-04
8.934999195151657422e-05
6.843792353346520626e-05
4.967395512929880284e-05
3.357754428416043322e-05
2.093817006529465974e-05
1.805680621559219937e-03
1.806967402815710076e-03
1.740937755648555574e-03
1.605997479399157157e-03
1.414889591994556578e-03
1.182901490793946591e-03
9.345894002642718065e-04
7.086419452141546477e-04
5.253993171838103196e-04
3.890168676399337528e-04
2.953736434421507222e-04
2.324272437408609932e-04
1.885047938908928136e-04
1.551731310967693856e-04
1.268747161292933356e-04
1.011547299081758529e-04
7.742308937777390673e-05
5.613958029149488841e-05
3.789493125417265284e-05
2.362773851293993880e-05
1.992495012479350829e-03
1.993288711077802720e-03
1.919611137813081797e-03
1.769865770980319540e-03
1.558282166166561006e-03
1.301950443627061804e-03
1.028046803959436909e-03
7.791921043395646064e-04
5.776608994260174108e-04
4.278339687677780966e-04
3.249878909838214416e-04
2.558635520353142161e-04
2.075971918618135846e-04
1.709105130642722215e-04
1.397189724470651671e-04
1.113603658306683075e-04
8.518913010037279033e-05
6.172689855055343291e-05
4.162345776944473730e-05
2.594844704476005241e-05
4.533570280030309411e-05
4.544713098885780887e-05
4.379684130714405968e-05
4.030255714240523743e-05
3.527288303769672616e-05
2.915409051110935882e-05
2.268791897940446712e-05
1.695453616367796013e-05
1.245817883454842385e-05
9.211077039178258114e-06
7.031852671058942812e-06
5.587442435254743414e-06
4.577742361818327904e-06
3.796344442684758414e-06
3.115172667256219739e-06
2.482104723564330412e-06
1.890638012041279710e-06
1.360147662384023777e-06
8.967633667855383805e-07
5.510126378764779224e-07
1.061963866561016706e-03
1.032701176292782907e-03
9.592212560242531320e-04
8.466057601357944266e-04
7.103651063417869586e-04
5.660931376983350909e-04
4.298872675759484309e-04
3.198178871008476045e-04
2.387910755884589654e-04
1.819193053952930159e-04
1.438515300952733294e-04
1.174823987050903844e-04
9.736533514285810025e-05
8.031008861124972126e-05
6.459107538267672307e-05
4.988797711607140267e-05
3.651785661720947408e-05
2.499202571620019313e-05
1.537584271628310273e-05
1.030537295031106265e-05
1.691811944612440881e-03
1.641017379910002152e-03
1.519536882371088238e-03
1.336375188923715103e-03
1.117322187761100524e-03
8.877162156835595366e-04
6.728750555297948171e-04
5.005833897590804531e-04
3.744085062261946002e-04
2.860434513370209647e-04
2.268683497986574574e-04
1.856813107142011806e-04
1.539958736218569632e-04
1.269314972554253071e-04
1.018939833471440637e-04
7.847975021790592424e-05
5.724034531165981448e-05
3.898159362036054780e-05
2.390264995315054052e-05
1.606054551633016259e-05
2.062690104776480297e-03
1.999313253628103720e-03
1.849686473933578271e-03
1.625100480549280038e-03
1.357333586532754504e-03
1.077462099902298624e-03
8.162522033937476490e-04
6.072359253830675058e-04
4.544087013700481978e-04
3.474475302659011441e-04
2.758067075246649629e-04
2.258702879718632107e-04
1.873643762986404720e-04
1.544044950937902320e-04
1.238865960854257018e-04
9.534056333619703161e-05
6.946528067809476612e-05
4.724007643761473691e-05
2.893778121738555849e-05
1.945906231549082547e-05
2.383381319015050875e-03
2.309147549517084289e-03
2.135179541937694443e-03
1.874759168840855724e-03
1.564858832929014957e-03
1.241544152690648127e-03
9.402322755139524112e-04
6.994679768871299485e-04
5.235822402393972529e-04
4.005479613614101961e-04
3.181307108271285680e-04
2.606212452809912616e-04
2.162147854281124687e-04
1.781632095063166547e-04
1.428985452373663506e-04
1.099162271916926466e-04
8.003520580081442107e-05
5.438404929575993120e-05
3.329224368901022698e-05
2.239663233055507442e-05
-4.032894978335975277e-05
-3.783287683183808006e-05
-3.363895382249316177e-05
-2.826168650489710121e-05
-2.260220618669065074e-05
-1.735131655162345924e-05
-1.293143448225807899e-05
-9.696742921696292425e-06
-7.467067862499488275e-06
-5.930204970441540931e-06
-4.876446292778553103e-06
-4.079768136371170603e-06
-3.395741834509815447e-06
-2.762247049166521904e-06
-2.157827405943445311e-06
-1.598503880589093117e-06
-1.109495337985167770e-06
-6.966380083271361383e-07
-4.554823407914276341e-07
-2.667659310412198087e-07
6.367457004889393989e-04
6.018326612858812584e-04
5.400280555441160871e-04
4.583935667429364625e-04
3.702104890020749381e-04
2.862332279214194718e-04
2.139135583191640233e-04
1.599240889605137693e-04
1.222379475639599701e-04
9.621480382444421906e-05
7.851173086625132984e-05
6.541724682158499456e-05
5.444508346276885966e-05
4.444515454878158778e-05
3.494648744339641077e-05
2.612519321150280152e-05
1.834519748191739999e-05
1.176786925100839830e-05
7.443954325806964498e-06
4.633112585661224379e-06
1.565843613234318282e-03
1.471994821565912213e-03
1.312611685095239206e-03
1.106923383067700065e-03
8.889585788818473193e-04
6.849840300873166711e-04
5.116110203768665671e-04
3.835222847509803007e-04
2.946467596408815269e-04
2.332325198851714447e-04
1.911729064050995009e-04
1.595987991016181273e-04
1.327562638196955148e-04
1.080741304677014031e-04
8.458781245855436718e-05
6.286295973066442918e-05
4.381964876452801576e-05
2.768823719325058877e-05
1.795304419417366622e-05
1.072468343196513192e-05
2.108485560102511466e-03
1.979995704589882551e-03
1.763420092607485834e-03
1.485190041477379638e-03
1.191439493786043821e-03
9.174598322898907870e-04
6.851878266651819163e-04
5.139299103958828042e-04
3.952485020751786947e-04
3.132063683291875264e-04
2.569433209892446070e-04
2.145944205744312373e-04
1.784725009282095518e-04
1.452069600503511668e-04
1.135519264927354612e-04
8.428968205341016171e-05
5.866825826706356629e-05
3.695930371221971722e-05
2.407883473843818728e-05
1.426850244716023909e-05
2.577345189792761785e-03
2.418949851793439267e-03
2.152972753916305645e-03
1.812057143213825728e-03
1.452832504898056562e-03
1.118360136442284221e-03
8.351802298937122853e-04
6.266209646700835476e-04
4.821790628608730884e-04
3.823100454342062736e-04
3.137739748112837153e-04
2.621127427295741872e-04
2.179820350259637656e-04
1.772991693530439694e-04
1.385818547929808166e-04
1.028020427389122722e-04
7.149902570490997622e-05
4.497197676747161354e-05
2.936840693123427803e-05
1.733077497550570631e-05
-1.937370591120852136e-05
-1.785761986210360671e-05
-1.556686050114640854e-05
-1.282218828120763147e-05
-1.009810086162537754e-05
-7.698424169549898620e-06
-5.749569961851230589e-06
-4.361827823006994930e-06
-3.418500703733880014e-06
-2.761443348568381612e-06
-2.297586862554350686e-06
-1.929708002446202919e-06
-1.600039032298070956e-06
-1.288492501879254119e-06
-9.914997738089637676e-07
-7.206406061633315112e-07
-4.884580309510252685e-07
-2.909694600646579068e-07
-2.053770534857285889e-07
-1.052599402970191819e-07
2.111062192055402969e-04
1.949468472060855728e-04
1.702763569243693944e-04
1.405094888285125050e-04
1.107944116810584076e-04
8.449773904189613585e-05
6.307628353411550153e-05
4.778485166880312371e-05
3.738295709158918477e-05
3.014952081683515674e-05
2.505989145601618840e-05
2.104258616387513138e-05
1.745746126484427186e-05
1.407465735829900073e-05
1.084755694422155227e-05
7.899563733998840077e-06
5.369396239423637824e-06
3.193941096091012449e-06
2.261299492678635720e-06
1.167677595884316792e-06
1.268139447124594669e-03
1.157513532932466808e-03
9.984216702789959225e-04
8.142450473467978227e-04
6.369459164762843835e-04
4.846803340385925506e-04
3.629922872115206494e-04
2.774542886573879265e-04
2.196252250405075085e-04
1.789432044636963376e-04
1.496741320071171282e-04
1.258307087381967451e-04
1.040305623871945717e-04
8.327618319187839473e-05
6.354211361045688047e-05
4.570147427587934071e-05
3.054147390284824942e-05
1.815128967659297092e-05
1.263942642978944964e-05
6.238645028625679673e-06
1.986414285106713126e-03
1.809911490195240287e-03
1.558214212100076474e-03
1.268609627686528591e-03
9.912527182185397381e-04
7.541335889847940264e-04
5.651310708633735126e-04
4.325755414045063889e-04
3.430133957236324960e-04
2.799049362238157940e-04
2.343140350599662758e-04
1.970153345334244369e-04
1.627840835999720161e-04
1.301641963235434369e-04
9.916857162295167382e-05
7.118856965494990338e-05
4.744520918301741515e-05
2.825032044280807684e-05
1.956899109179462124e-05
9.601598340280273055e-06
2.601820254466747501e-03
2.368982335183184539e-03
2.038001276777497844e-03
1.658086445012140007e-03
1.294991440688945949e-03
9.851159244851426851e-04
7.383909570829877422e-04
5.655255709249910846e-04
4.487551664182667086e-04
3.664191076501318537e-04
3.068385978829368766e-04
2.580088095849650395e-04
2.131279802151803127e-04
1.703489053605366653e-04
1.297024864657747936e-04
9.304043337921252517e-05
6.193966376617957112e-05
3.690674911004197117e-05
2.551326509730583657e-05
1.248617125092047969e-05
-3.138814632986802331e-06
-2.831288725310889438e-06
-2.411054170176769496e-06
-1.942846526645515188e-06
-1.507736907552407919e-06
-1.145346444412867986e-06
-8.612249481224223940e-07
-6.647647675519373216e-07
-5.326554941187966019e-07
-4.384450466424603963e-07
-3.689132456527287819e-07
-3.104156487895124076e-07
-2.556715834036744464e-07
-2.031513339324859264e-07
-1.534080808451757402e-07
-1.089112272689903650e-07
-7.143843443732572478e-08
-4.288535590701292574e-08
-2.884271622064065879e-08
-1.361803905782718658e-08
-4.558117300458161075e-06
-3.241537724065982017e-06
-2.031000413866152418e-06
-1.159593120508731493e-06
-7.229433645550059118e-07
-5.892466969074576221e-07
-5.772894229816554116e-07
-6.247811715925210661e-07
-6.579212294807923278e-07
-6.364694190454192742e-07
-5.723258553772248418e-07
-4.738405055354325997e-07
-3.568763453095503409e-07
-2.412514314110566943e-07
-1.408229167712210660e-07
-6.496873325602595398e-08
1.604907649908640660e-09
-5.929981160263586176e-08
2.202727352527950853e-08
1.618504443365482915e-08
8.573564141864221206e-04
7.622401330941329031e-04
6.396454174692328947e-04
5.091309247000711793e-04
3.926526149376664962e-04
2.986615939566753799e-04
2.262397654155597776e-04
1.769079456559394519e-04
1.437855112449813331e-04
1.196008064951518913e-04
1.011290995016069188e-04
8.501536047238482299e-05
6.960846925670791509e-05
5.477627546643121931e-05
4.083614723510948721e-05
2.853852238733825796e-05
1.817546116526197155e-05
1.165080995354651869e-05
7.053934594143648579e-06
3.245774508524820530e-06
1.752633283050383231e-03
1.553265380285030100e-03
1.299464100719067376e-03
1.031840874937693057e-03
7.950074632086314179e-04
6.051023366240814143e-04
4.592395075901058101e-04
3.601629493149239507e-04
2.936060663583392547e-04
2.447264493887541426e-04
2.071020412863724296e-04
1.740311811426756760e-04
1.422814664223054435e-04
1.117165584855645699e-04
8.304761693936564863e-05
5.784155738533846354e-05
3.655018621062020690e-05
2.377644782086170286e-05
1.407474843569200701e-05
6.449260790133567449e-06
2.503190233218454287e-03
2.216531077159152648e-03
1.852800215276928595e-03
1.470279542629263038e-03
1.132511640200896961e-03
8.621382464603974784e-04
6.546522334818483634e-04
5.138398779197486015e-04
4.192248358895304949e-04
3.496196243081903373e-04
2.959339244144199715e-04
2.486460818445495203e-04
2.032084136125600511e-04
1.594591135466567292e-04
1.184476225748745063e-04
8.241787361642180542e-05
5.196609578716329995e-05
3.394217025450913449e-05
1.996788373420702283e-05
9.138798874348258027e-06
-2.446820399390569652e-07
-2.162486472710335856e-07
-1.803654098204548422e-07
-1.428273699982573136e-07
-1.098829213111943428e-07
-8.363926012054607842e-08
-6.357205079197336167e-08
-4.998158679683767310e-08
-4.085919206067622955e-08
-3.413170251553900831e-08
-2.891305005123948297e-08
-2.429728256121565493e-08
-1.984374956966729203e-08
-1.555087651253948246e-08
-1.153246346976046964e-08
-8.005538737213051724e-09
-5.030028093733054752e-09
-3.328385385431267092e-09
-1.917201664657676505e-09
-8.728514751940777626e-10
-3.604389668401791053e-05
-3.122889082107659949e-05
-2.556978057721865448e-05
-1.998060112594676464e-05
-1.531594990962127989e-05
-1.173775441491635720e-05
-9.045667371769867366e-06
-7.251903930897783392e-06
-6.037574900354688712e-06
-5.100292273367636366e-06
-4.336103358471065920e-06
-3.629389833250339105e-06
-2.934877537928153920e-06
-2.267177797795597618e-06
-1.650682790551569820e-06
-1.120645276570089631e-06
-6.640229400318724836e-07
-4.759839481472802681e-07
-2.418138164442866660e-07
-1.077522168449940863e-07
4.385201345005828948e-04
3.813590982044439315e-04
3.133547846890983755e-04
2.454896232051482336e-04
1.883062891361311710e-04
1.441121910740193507e-04
1.107595146752336936e-04
8.846522118642170471e-05
7.340262759144760088e-05
6.188007581243568556e-05
5.257419792830449884e-05
4.403754022673115270e-05
3.567637766271082578e-05
2.763552303915785833e-05
2.019003109068762955e-05
1.376643989278032857e-05
8.253505587522435403e-06
5.825783436160811570e-06
3.033647589752323863e-06
1.357958275945940039e-06
1.466406285350014844e-03
1.268362930990628431e-03
1.037278321135841211e-03
8.102113999216467143e-04
6.213757198538748250e-04
4.767979668376909580e-04
3.680673075313178736e-04
2.956159430457615386e-04
2.464619795275316879e-04
2.083378357071544195e-04
1.770951442322244687e-04
1.481277391250102331e-04
1.196473175535544035e-04
9.229265614255421977e-05
6.708222171027120105e-05
4.544617986780164750e-05
2.692677520573309431e-05
1.916516714937912608e-05
9.741964330693425277e-06
4.337728652519936092e-06
2.341731161682105745e-03
2.023328347368062718e-03
1.653194952062647443e-03
1.290544930998845314e-03
9.897548908629986292e-04
7.598774299626638367e-04
5.871090451047265325e-04
4.720631403678987787e-04
3.939407380056553524e-04
3.331756907076105804e-04
2.832400856907823020e-04
2.368388675993774708e-04
1.911887558513110244e-04
1.473547727223965256e-04
1.069933334921683259e-04
7.239240471333910245e-05
4.280730675551898146e-05
3.050003473320762884e-05
1.543389010846846497e-05
6.864970479134882882e-06
-7.752449428118591953e-09
-6.755857163459450515e-09
-5.559621580538043233e-09
-4.358316366560956548e-09
-3.341544228787687451e-09
-2.553785108124543799e-09
-1.959134105729617577e-09
-1.561468905113955884e-09
-1.293302616617068653e-09
-1.089310600354352408e-09
-9.253219965318406397e-10
-7.757948573992276296e-10
-6.293302024944737714e-10
-4.883885274024686973e-10
-3.575096922233977972e-10
-2.443252128252035215e-10
-1.470393822138638079e-10
-1.042012916159065365e-10
-5.427569549392679357e-11
-2.431905701954545540e-11
-1.421290817544113774e-05
-1.213867098515978474e-05
-9.819911415180882405e-06
-7.619870455236034798e-06
-5.845292878980397825e-06
-4.516039186455304876e-06
-3.524038301800316513e-06
-2.867585435472732133e-06
-2.417193943918176162e-06
-2.055442185931326145e-06
-1.748763047225117838e-06
-1.457548505822710504e-06
-1.168851222059417270e-06
-8.928371817920595935e-07
-6.410845706545475967e-07
-4.276000183396998667e-07
-2.479837641250186449e-07
-1.776414951509857053e-07
-8.569030296802456810e-08
-3.764750253320884248e-08
1.347820141236982078e-04
1.153399612262577978e-04
9.344056013886102119e-05
7.255222546600259060e-05
5.562826654962466089e-05
4.291226478843787167e-05
3.341739789233933155e-05
2.713334262180807730e-05
2.283262729464342216e-05
1.940065020681533065e-05
1.650697193512575987e-05
1.376947117929245655e-05
1.105804757149010737e-05
8.461111657304249591e-06
6.087762297240273919e-06
4.072918123316426302e-06
2.348799941710121466e-06
1.700113591783621624e-06
8.237866391390129073e-07
3.625273572472750684e-07
1.134060771710613917e-03
9.609662928593598651e-04
7.727508362191216158e-04
5.979927791255647274e-04
4.595503679415557257e-04
3.571375804036946620e-04
2.808926814222444026e-04
2.305288765661550284e-04
1.955963886196785675e-04
1.668208135758031407e-04
1.418924576628635692e-04
1.179106890392908082e-04
9.407949340194867046e-05
7.138414178455991565e-05
5.084240391257181780e-05
3.352555471213598153e-05
1.978544700011540712e-05
1.364858266758256722e-05
6.461249049503964714e-06
2.817689372290348203e-06
2.111221032113958992e-03
1.786542350882922231e-03
1.435177487118183617e-03
1.110159808220020526e-03
8.534778832095779024e-04
6.640231048519521211e-04
5.230094070372877249e-04
4.298926470422771489e-04
3.651603508432798369e-04
3.115927754132100623e-04
2.650078675804785336e-04
2.200916613668113910e-04
1.754490659837508188e-04
1.329638927591146483e-04
9.456365862100409828e-05
6.222113783125521119e-05
3.688808267885784292e-05
2.523524872835909111e-05
1.191029735713163545e-05
5.187677947450933289e-06
-3.945317893883024891e-11
-3.417447237575773384e-11
-2.796875272343159559e-11
-2.184198832814777660e-11
-1.673602040101496539e-11
-1.282132645227008635e-11
-9.880349394221741602e-12
-7.922847884686202877e-12
-6.598307387423377639e-12
-5.576215890983069638e-12
-4.741893222368791328e-12
-3.969721835246409452e-12
-3.210800639597381042e-12
-2.480349752720405876e-12
-1.805866141290975866e-12
-1.225883722065089427e-12
-7.214057822778572756e-13
-5.234027789270851519e-13
-2.636876200749838010e-13
-1.174642210316109085e-13
-2.721488591031829722e-06
-2.290999123255783260e-06
-1.833144406921967633e-06
-1.415459282042626020e-06
-1.089606679731356726e-06
-8.511855757108437901e-07
-6.739908812117845826e-07
-5.571096469832312693e-07
-4.752210938969005138e-07
-4.062528897938348570e-07
-3.454563488557313519e-07
-2.863468518542651580e-07
-2.275006734663881712e-07
-1.716675210231860796e-07
-1.214386945741617413e-07
-7.928075327665081826e-08
-4.767441215726186372e-08
-3.169160996727353700e-08
-1.476844810943423893e-08
-6.396850760717507594e-09
-2.944684180143711154e-06
-2.077651182605509310e-06
-1.458264954370531605e-06
-1.091510994515528303e-06
-9.356860450065595120e-07
-8.855137498695974155e-07
-8.442333356208299507e-07
-8.132765080187859459e-07
-7.619338076938145206e-07
-6.717590129422022248e-07
-5.614422492127424716e-07
-4.392381027085537061e-07
-3.173711263212403660e-07
-2.098276793178829069e-07
-1.234852698581265841e-07
-5.070034783259633489e-08
-8.031256894994533989e-08
-3.612198106411884532e-09
2.089803598490490787e-09
1.632708972128350194e-09
7.980672066429112931e-04
6.652333477222522424e-04
5.288580159903115028e-04
4.077039454193531385e-04
3.153353224343952393e-04
2.488122624219095088e-04
1.993167229967881713e-04
1.666277511849064352e-04
1.432521822861243087e-04
1.228136760606297515e-04
1.042893323615470878e-04
8.603016197060180841e-05
6.784396931482794156e-05
5.071135159470180820e-05
3.546913657229979025e-05
2.268538361374944316e-05
1.443062566793690441e-05
8.793126973261791674e-06
4.030921409897442282e-06
1.734469925399687252e-06
1.870175759480361159e-03
1.556082956970857457e-03
1.235759214634873145e-03
9.525675987201848421e-04
7.375946837733967894e-04
5.831996009404677005e-04
4.682708448117985480e-04
3.923220712347812189e-04
3.377605403866047588e-04
2.896911916869559286e-04
2.459015234709826278e-04
2.026488390970178496e-04
1.595688093938899790e-04
1.190544057400534823e-04
8.308711230292216920e-05
5.288585059364064010e-05
3.401761005067997860e-05
2.038686643656953585e-05
9.320640435431290963e-06
4.007824145685410384e-06
-1.261301185677270681e-14
-1.090050125576753809e-14
-8.903640730992604275e-15
-6.944121398185562591e-15
-5.320137853521825432e-15
-4.080209762827372281e-15
-3.150106353730333589e-15
-2.531409409877452387e-15
-2.112768436325307324e-15
-1.787634853920854585e-15
-1.520654512708747135e-15
-1.272469873810657852e-15
-1.027936246448693927e-15
-7.927788516224151649e-16
-5.759405475005490934e-16
-3.899618098828356663e-16
-2.275040389473182826e-16
-1.662526580312000545e-16
-8.288945025966823715e-17
-3.684826041611907011e-17
-3.068034876826664330e-07
-2.551037927707450232e-07
-2.024666054750258232e-07
-1.560048427973696145e-07
-1.207950845751954090e-07
-9.553951271690044048e-08
-7.675679893532012986e-08
-6.434728844127825118e-08
-5.541655891724115632e-08
-4.754450723316169225e-08
-4.035618841965671114e-08
-3.325774000661966399e-08
-2.618217822645191219e-08
-1.952598302414149132e-08
-1.362048720312292643e-08
-8.669932470745805588e-09
-5.596918175331001679e-09
-3.332063908262898809e-09
-1.520861796492135279e-09
-6.534735138183572565e-10
-2.773920825428446328e-05
-2.278340789399975721e-05
-1.796478722205044500e-05
-1.385271241803263649e-05
-1.083153682000282625e-05
-8.708868943272738951e-06
-7.116856218018346517e-06
-6.056603244123022296e-06
-5.265642485326414193e-06
-4.527925289428364921e-06
-3.831221556812010362e-06
-3.133079735046879872e-06
-2.439270434983171249e-06
-1.794706580383312574e-06
-1.231588443521730681e-06
-7.521268582181822240e-07
-5.242331369139413737e-07
-2.787714335508496240e-07
-1.251452798497798283e-07
-5.342364197241317006e-08
4.864041356890447579e-04
4.004053999041782392e-04
3.161179701329899284e-04
2.437464049566078319e-04
1.902647452970032238e-04
1.525401628521948368e-04
1.242833818245935517e-04
1.054920453489419536e-04
9.156585840243150140e-05
7.870172148565117497e-05
6.662881754742920940e-05
5.455503777501634582e-05
4.255423456584039713e-05
3.138316744173070188e-05
2.159744091808504939e-05
1.328714860122258652e-05
9.128412156552410508e-06
4.959576414648880720e-06
2.233105865939833717e-06
9.548315594052220161e-07
1.622455023518963330e-03
1.332707326465557528e-03
1.051196832987873891e-03
8.109836749365452761e-04
6.345166538193037185e-04
5.104994167007520078e-04
4.173713701572415950e-04
3.552879491414170747e-04
3.088978415383069557e-04
2.655779772711172972e-04
2.246504087912461190e-04
1.836415787626551369e-04
1.429207743662272759e-04
1.051093230899498131e-04
7.209496146049966688e-05
4.393274138080910547e-05
3.055411680521006852e-05
1.630421027319276013e-05
7.319916577771679514e-06
3.125052336138306344e-06
-1.651930684589435859e-19
-1.426232036641853241e-19
-1.163815872856984695e-19
-9.072011078386192510e-20
-6.950028475513122136e-20
-5.333132747153687396e-20
-4.120864127867069438e-20
-3.315534251630661856e-20
-2.769500936521857979e-20
-2.344508974242268868e-20
-1.994604222469522308e-20
-1.668666389773237408e-20
-1.347283119479640281e-20
-1.038290644895533962e-20
-7.535968171677644334e-21
-5.096623560221790446e-21
-2.962143232105987776e-21
-2.170619821440324877e-21
-1.077626161189146578e-21
-4.786902008037801583e-22
-1.864193412784598938e-08
-1.537311080261127056e-08
-1.214338855785214652e-08
-9.356634309695011631e-09
-7.287354011742131233e-09
-5.823140983230613477e-09
-4.729430136398923463e-09
-4.004034888719629819e-09
-3.470832846140664957e-09
-2.982906239934749710e-09
-2.527534255872964532e-09
-2.072741075713753834e-09
-1.620301126086750122e-09
-1.198118614163066440e-09
-8.270176625929295887e-10
-5.136112993585133167e-10
-3.496610830165416437e-10
-1.924286733732393288e-10
-8.673675368269306733e-11
-3.710252629180976903e-11
-1.479157744328533617e-05
-1.207578011510778879e-05
-9.501877647851721641e-06
-7.344344624725263720e-06
-5.787266388700508205e-06
-4.705082391572024464e-06
-3.885360041169942227e-06
-3.334470644581750520e-06
-2.912449375886878985e-06
-2.505484837213516607e-06
-2.114281992151341207e-06
-1.720062093155857960e-06
-1.329816311125773108e-06
-9.701922705316766086e-07
-6.589991480614770603e-07
-3.900551287129969669e-07
-2.805207386696682221e-07
-1.423719244402434568e-07
-6.336438955168669910e-08
-2.696489103881207394e-08
2.464089761409037202e-04
2.010264062057778725e-04
1.581585835303071493e-04
1.223118556658308351e-04
9.650480597400996744e-05
7.858935906731561035e-05
6.499469991676986799e-05
5.584464631376329395e-05
4.880375929890383554e-05
4.198342327674232482e-05
3.541088548114869941e-05
2.878556673822988261e-05
2.223153835252416843e-05
1.619915483918420089e-05
1.098663594045421158e-05
6.477818598235203225e-06
4.668586857235466416e-06
2.358229904999384724e-06
1.048474909404244923e-06
4.458014136202250248e-07
1.380957661370714202e-03
1.124010486339327040e-03
8.839561792914897272e-04
6.847475512278403727e-04
5.424939367231037179e-04
4.441746574059367964e-04
3.691121627260941004e-04
3.183118321070109490e-04
2.786954890234135339e-04
2.397280954994146973e-04
2.019035786738587713e-04
1.637156638220143797e-04
1.260178238964463433e-04
9.146051664943266287e-05
6.172837884587913581e-05
3.600575546160439123e-05
2.610479823448102289e-05
1.297023688220791831e-05
5.744552869885364626e-06
2.436904279424541252e-06
4.367162848347164172e-01
3.545391975419762143e-01
2.786123782253323578e-01
2.122014649364467598e-01
1.572202498357741507e-01
1.150418134614160509e-01
8.518776670153364872e-02
6.463978649505830454e-02
5.037629774449433467e-02
3.991531953835824459e-02
3.146337020327027306e-02
2.424882647050627393e-02
1.800244661365939594e-02
1.268965580338339734e-02
8.378028590410702137e-03
5.087840905420698209e-03
2.769305216509578612e-03
1.295397467768604448e-03
4.894621997402470986e-04
1.987611776338719569e-04
3.452407880825530961e-01
2.714535953932221690e-01
2.070556233951004466e-01
1.545074968634368440e-01
1.140746721592989371e-01
8.507570917579558578e-02
6.536103694239152329e-02
5.138086626827909065e-02
4.082796609506555985e-02
3.234560102810369459e-02
2.501444326160846832e-02
1.861478199881925685e-02
1.316102053282492898e-02
8.704631565550015673e-03
5.295910677492590701e-03
2.886284368179108540e-03
1.348690327222004746e-03
4.999985588443347194e-04
2.158504267581663641e-04
-1.438209758550770725e-04
2.828770636821728579e-01
2.176059558395788407e-01
1.635996815872425569e-01
1.220591184365053816e-01
9.161389452568444169e-02
7.027378926751458310e-02
5.552216068723618558e-02
4.433896438768881315e-02
3.525343621635779884e-02
2.757158229074733666e-02
2.079829002286674722e-02
1.494040125915304523e-02
1.009078038098958768e-02
6.292978731375243641e-03
3.545727097427931861e-03
1.736728729555951558e-03
6.888040346748053452e-04
2.423365458820099560e-04
-5.503091791881077849e-05
-1.798682033557560825e-04
2.376244134043998812e-01
1.806186664711029455e-01
1.356097869693953795e-01
1.024917482823859555e-01
7.870195856708309123e-02
6.179927357221359774e-02
4.962265750043554774e-02
3.979617735792093797e-02
3.140919492936410096e-02
2.415885065087107486e-02
1.777246106278295226e-02
1.235012742282890624e-02
7.997667444892747612e-03
4.722321094385258967e-03
2.472414102410297292e-03
1.086593476930643263e-03
3.644227176240883424e-04
1.784383681856850125e-04
-2.068656351091773319e-04
-1.340442597950398842e-04
2.043233268342002362e-01
1.547784600588814896e-01
1.171117220260335795e-01
9.013603851920586052e-02
7.066780790294703574e-02
5.638185816390205857e-02
4.563417353654179026e-02
3.652334129845601074e-02
2.851789832897354271e-02
2.155923856291867835e-02
1.548639829717793001e-02
1.043633654425725824e-02
6.501199253917774000e-03
3.647125410046772338e-03
1.777915759342702786e-03
6.982526356916041827e-04
2.328252440441257089e-04
-6.762012302255506727e-05
-1.907028506869889821e-04
-1.004363148478558610e-04
1.822644948709928048e-01
1.385065733640304941e-01
1.061215229561413009e-01
8.317325630376132262e-02
6.626799973116628828e-02
5.339326883216241604e-02
4.332748104907630654e-02
3.449251701925287045e-02
2.661214529458370490e-02
1.978281691253742924e-02
1.389758030198159043e-02
9.104471989565581652e-03
5.471294399355947427e-03
2.924295810582073184e-03
1.328470779149341181e-03
4.646748106019023771e-04
2.295108300225602756e-04
-2.098318417589106798e-04
-1.592549736615038296e-04
-7.835488572254617164e-05
1.631404925099239345e-01
1.249498165747147255e-01
9.712998644149388461e-02
7.736713400778214011e-02
6.238881731271283398e-02
5.055395507647782172e-02
4.100036281172570601e-02
3.241563717229819369e-02
2.471084032457216556e-02
1.807878455597034320e-02
1.244105428399950967e-02
7.939717364845015959e-03
4.614573628261549841e-03
2.354976663058330841e-03
9.971090658746030108e-04
3.153757568132823535e-04
1.396845351661010499e-04
-2.263729009832259542e-04
-1.313693997497713932e-04
-6.098711373461914565e-05
1.504252176398093443e-01
1.164354597948387554e-01
9.181856395658907766e-02
7.413320233053667663e-02
6.030310900243831401e-02
4.899639723303181316e-02
3.963812404726145544e-02
3.110363963395865877e-02
2.343447811196251382e-02
1.689010570245063486e-02
1.140331080015892853e-02
7.103358782217298467e-03
4.000951186075574206e-03
1.952816435133667393e-03
7.702428250205520677e-04
2.417608125535503940e-04
-5.203492224940128798e-05
-2.113603498280655049e-04
-1.117138359370965138e-04
-5.036864648945754474e-05
1.406786953654838024e-01
1.101578905730622587e-01
8.800507148190372941e-02
7.183316152625575379e-02
5.877934068907682968e-02
4.778564547288463582e-02
3.852057431426366557e-02
2.999455702340286800e-02
2.234644825551731703e-02
1.588217072677627906e-02
1.053483162106461091e-02
6.416486214484128266e-03
3.509404914693260193e-03
1.640312996225680615e-03
6.024739163621579919e-04
2.323829207694354953e-04
-1.854809818539877549e-04
-1.906564640917600970e-04
-9.639106412834702066e-05
-4.291460430406723859e-05
1.331945960342888757e-01
1.054976389791400654e-01
8.524219756069283116e-02
7.017383019609321759e-02
5.763856432093248522e-02
4.681856157050733047e-02
3.758125236362949012e-02
2.904110572907489876e-02
2.140715199753297562e-02
1.501854745924446205e-02
9.799558756511736815e-03
5.844579876687436976e-03
3.108702710545598134e-03
1.392890155736390941e-03
4.766644409487010166e-04
2.510691571752886580e-04
-2.417150227777831715e-04
-1.715797812417583698e-04
-8.397014173457832199e-05
-3.678825026195834037e-05
