# firecrown_theory
1.396010482432481183e-05
1.208185096063648627e-05
1.021720192751118617e-05
8.423195675334888631e-06
6.750867068384116310e-06
5.263629588896542088e-06
4.011670836403744757e-06
3.006068617548694268e-06
2.237990436559896862e-06
1.674224199608810229e-06
1.264878796579623913e-06
9.643810402524552825e-07
7.366003523889427837e-07
5.569305748266549913e-07
4.116670059593420197e-07
2.937381068937749718e-07
1.998749547578244696e-07
1.280514788010478725e-07
7.608894471906787748e-08
4.137403118277136354e-08
2.472395642644750112e-05
2.114629818414636778e-05
1.763769160805793681e-05
1.431767713319146089e-05
1.128796054546072884e-05
8.665774110743581002e-06
6.529230780353778079e-06
4.867494215391227011e-06
3.632673589526307925e-06
2.741276508156035571e-06
2.092723543214426234e-06
1.607394878875363138e-06
1.228967661573475516e-06
9.227646692932310885e-07
6.719190944901276672e-07
4.686130790379796976e-07
3.091660773191904085e-07
1.902877387624692729e-07
1.076121612402619802e-07
5.586344008241255035e-08
2.716200370866962067e-05
2.322859272804963414e-05
1.935933113958171668e-05
1.569025109912605386e-05
1.234077975563296571e-05
9.447126111669719410e-06
7.098981175788354030e-06
5.283163305658151230e-06
3.942032399167106911e-06
2.978588104411355830e-06
2.279047975598061353e-06
1.754784565133254519e-06
1.344217610548599855e-06
1.010251276101962603e-06
7.354220285119331094e-07
5.119830848610414690e-07
3.365752252223223823e-07
2.057802164893753463e-07
1.156360533363756672e-07
5.976938295180891780e-08
2.856501014771462704e-05
2.442656166018336854e-05
2.034945354031741138e-05
1.647928967151677336e-05
1.294579735652554153e-05
9.896040319286776587e-06
7.426327287994941774e-06
5.522025590541815318e-06
4.119863277499162256e-06
3.115039437124835341e-06
2.386220733434058911e-06
1.839579637915443212e-06
1.410528543083066801e-06
1.060579273163595885e-06
7.719287774748265150e-07
5.369066306021781811e-07
3.523133305004339662e-07
2.146705958761675623e-07
1.202520645345448155e-07
6.200094922224447896e-08
2.954179720828404047e-05
2.526032784906432529e-05
2.103839905434404380e-05
1.702824757773606652e-05
1.336673257610128129e-05
1.020840902458431475e-05
7.654164728352593004e-06
5.688315237118180079e-06
4.243690076426299528e-06
3.210057065534688258e-06
2.460832132834733921e-06
1.898593163264881174e-06
1.456651150146455596e-06
1.095570639997663408e-06
7.973033710241766745e-07
5.542213124725600423e-07
3.632478956453669104e-07
2.208427738287411233e-07
1.234534766266267091e-07
6.354938951736636470e-08
3.030495120504323540e-05
2.591176210497726638e-05
2.157670667438112659e-05
1.745718360112583144e-05
1.369562235743329409e-05
1.045249327408751993e-05
7.832157159964088110e-06
5.818238018248407760e-06
4.340410647320512355e-06
3.284279710644584799e-06
2.519117685269445245e-06
1.944697368812163961e-06
1.492693880989834179e-06
1.122914861764140072e-06
8.171179760334640125e-07
5.677503091973097019e-07
3.717898200759750485e-07
2.256675720068511089e-07
1.259530366728696734e-07
6.475808775157053534e-08
3.098964261449830730e-05
2.649619107069919150e-05
2.205961783451520757e-05
1.784199195059197972e-05
1.399070682746921648e-05
1.067146434607005160e-05
7.991889594697741518e-06
5.934828648115512495e-06
4.427235204987835185e-06
3.350899379851839375e-06
2.571413442706023892e-06
1.986050310830561425e-06
1.525015106615821290e-06
1.147439236406900908e-06
8.349112419924778796e-07
5.798792787054386349e-07
3.794551843081714820e-07
2.299978746291208428e-07
1.281996692921593323e-07
6.584314654902316151e-08
3.173084585810450909e-05
2.712888143439405559e-05
2.258242252145738492e-05
1.825857985929377038e-05
1.431014283622105650e-05
1.090853824683922740e-05
8.164801838461828884e-06
6.061037714718235958e-06
4.521212235846686966e-06
3.423022139366294354e-06
2.628046071740179760e-06
2.030817448830862536e-06
1.560001097459098371e-06
1.173970234048100802e-06
8.541676200582009843e-07
5.930206730809064746e-07
3.877416072884363800e-07
2.346785314431178741e-07
1.306327202389839330e-07
6.701161877602806335e-08
6.694546435153326191e-05
5.550810509121387968e-05
4.480945762788632753e-05
3.524489296675623989e-05
2.704059071603638400e-05
2.039164673006599025e-05
1.531195916656185262e-05
1.153096768852279626e-05
8.770411785909323538e-06
6.751067425683863416e-06
5.209664773352535405e-06
3.985570320869307713e-06
2.985832542138233612e-06
2.162032647898881274e-06
1.496496404593624266e-06
9.783489119641355593e-07
5.964185611676659476e-07
3.343432478375411366e-07
1.721732151536560399e-07
7.350888006232514893e-08
8.582972453802574801e-05
7.061406787546086557e-05
5.655584119098941957e-05
4.417308806584637566e-05
3.371776387549528352e-05
2.537759480199332487e-05
1.909411989608963899e-05
1.444707286756504728e-05
1.104813333352461223e-05
8.538262038218118389e-06
6.592594922365828654e-06
5.025845234181721381e-06
3.736829957827472085e-06
2.674994692915945457e-06
1.823697645830494456e-06
1.169840277876934372e-06
6.971027738583986098e-07
3.810719211818788755e-07
1.903029447818678857e-07
7.386215106783465516e-08
9.584002707396706853e-05
7.864946969463331057e-05
6.281589627225780069e-05
4.892958385894446673e-05
3.726622832688766888e-05
2.801648419149858235e-05
2.108661501327734652e-05
1.597851302564538459e-05
1.224366671732955474e-05
9.478295992521367649e-06
7.323341013936162259e-06
5.579194606868185906e-06
4.139669727143875666e-06
2.953048803847485304e-06
2.003313574070167631e-06
1.276415766879088894e-06
7.531421678397701745e-07
4.076595431659427760e-07
2.013615554349467338e-07
7.454162900884696556e-08
1.027824785572367862e-04
8.422255027190881673e-05
6.715745865802485710e-05
5.222807728198886843e-05
3.972689412101547960e-05
2.984627284963449977e-05
2.246819510121887437e-05
1.704050762674675195e-05
1.307288438112143721e-05
1.013061745390980713e-05
7.830668947717026471e-06
5.963471444254892457e-06
4.419405959372117354e-06
3.146000743826200042e-06
2.127805991414723434e-06
1.350126278827293723e-06
7.921122193247561043e-07
4.262379406149395427e-07
2.089063395068454212e-07
7.498387135455496880e-08
1.082126812469307340e-04
8.858127648414502466e-05
7.055301861140320389e-05
5.480813183468680449e-05
4.165162359349194638e-05
3.127769727026984863e-05
2.354906953359748507e-05
1.787144854887473520e-05
1.372170988842920486e-05
1.064092886468250838e-05
8.227447120119480805e-06
6.263974315320456045e-06
4.638141997606064241e-06
3.296857728451636392e-06
2.225096286976434978e-06
1.407753007211726888e-06
8.225646875481162744e-07
4.407463854605767476e-07
2.148058825418855098e-07
7.533750764618321867e-08
1.130845825555865374e-04
9.249191121678550405e-05
7.359952632864106886e-05
5.712280129666815072e-05
4.337848400767472943e-05
3.256201521455877031e-05
2.451896127040234966e-05
1.861701959365401197e-05
1.430384406971743759e-05
1.109876485645012171e-05
8.583384627777104539e-06
6.533544495940216251e-06
4.834372480804203521e-06
3.432216016372954972e-06
2.312360248138110721e-06
1.459458568905470823e-06
8.499019965326867862e-07
4.537704151565747180e-07
2.200992863162885309e-07
7.566418255621087527e-08
1.183581112148165114e-04
9.672492487033281633e-05
7.689713317941564879e-05
5.962827814272922525e-05
4.524764392406996485e-05
3.395211373947532664e-05
2.556860458127883210e-05
1.942393667133165681e-05
1.493387359906540949e-05
1.159431657892078230e-05
8.968793935536794554e-06
6.825398764168379220e-06
5.046815492327310031e-06
3.578700076393514561e-06
2.406871268411152068e-06
1.515412911331135950e-06
8.794524451064268100e-07
4.678526085369665129e-07
2.258290160438357899e-07
7.599816898216849492e-08
1.272022250176050868e-04
1.030568813512755007e-04
8.141345496160596088e-05
6.296929620075291669e-05
4.786173835438033001e-05
3.611292542383358193e-05
2.741404404117987127e-05
2.097053252062108905e-05
1.617587312547229310e-05
1.253916251183138932e-05
9.633792213391045899e-06
7.249491525805897924e-06
5.282635902267143224e-06
3.681722329453045995e-06
2.429068874390860095e-06
1.498459071111968231e-06
8.532102133176212946e-07
4.487788577266885265e-07
2.018344744918069746e-07
6.249375155018943066e-08
1.527813076708886845e-04
1.230522469916561182e-04
9.671367194970196938e-05
7.455290631854960169e-05
5.660817376563518575e-05
4.278124461331040410e-05
3.260274249763788770e-05
2.504751262219935741e-05
1.937926790640894957e-05
1.503206743364172864e-05
1.151957460729328145e-05
8.619436979426057998e-06
6.226976560436856759e-06
4.290516909012283750e-06
2.790454505944234464e-06
1.691596933992235383e-06
9.438320846550007224e-07
4.872219900977944109e-07
2.057827010871442165e-07
5.501981472533398568e-08
1.698113740685529792e-04
1.363769694756849084e-04
1.069069438490812853e-04
8.225811908984509272e-05
6.241247456665823977e-05
4.719554268636401824e-05
3.603137949860318428e-05
2.774038794853400376e-05
2.149724465688044922e-05
1.668396619598638695e-05
1.277390867957270739e-05
9.534326680855175195e-06
6.860910491598548075e-06
4.701461762348876565e-06
3.036114119053776117e-06
1.823792710312545243e-06
1.006133742542379117e-06
5.144231671699234619e-07
2.091513897583042603e-07
5.015920354059920539e-08
1.831066743992190238e-04
1.467796168584402350e-04
1.148643657861546515e-04
8.827284664065664132e-05
6.694287655650034148e-05
5.064066296350056083e-05
3.870703647718618103e-05
2.984181356978281587e-05
2.315033487713717982e-05
1.797353641449374155e-05
1.375304099362510208e-05
1.024872421330338716e-05
7.355968407836958149e-06
5.022461150410756430e-06
3.227962713852164275e-06
1.927004384556210701e-06
1.054874325407187572e-06
5.356772691085783305e-07
2.117765481705766390e-07
4.635739942190673475e-08
1.950410793902573805e-04
1.561173989614035151e-04
1.220072713353568243e-04
9.367223717840478508e-05
7.100997429302352136e-05
5.373368441857146117e-05
4.110928893918554109e-05
3.172852478250428855e-05
2.463446952821617784e-05
1.913126893116377653e-05
1.463197889881476454e-05
1.089000691440244845e-05
7.800331556850627121e-06
5.310561930935880134e-06
3.400144315730379769e-06
2.019650320612208421e-06
1.098629399364896899e-06
5.547632700376446085e-07
2.141445768918083132e-07
4.295568008488449513e-08
2.079601891994089960e-04
1.662254252903129644e-04
1.297397191892957083e-04
9.951694052741380460e-05
7.541262586974236000e-05
5.708184129621250897e-05
4.370979107789992767e-05
3.377094350806579450e-05
2.624101742916540224e-05
2.038446596769614009e-05
1.558344105734911386e-05
1.158417213043013974e-05
8.281321705901504028e-06
5.622420873102188133e-06
3.586516982985464251e-06
2.119915836154488304e-06
1.145967225280136165e-06
5.754080852971961511e-07
2.166990191931276576e-07
3.926715559857250477e-08
1.980634859873897939e-04
1.580877615551913107e-04
1.234452545645589616e-04
9.492400649852757448e-05
7.220096903652293305e-05
5.486676382547400722e-05
4.214392408337484260e-05
3.259243839248738721e-05
2.528762858222033578e-05
1.957444742842794882e-05
1.488674846984023347e-05
1.099744749094269605e-05
7.809146994148221784e-06
5.265926848910293430e-06
3.338174762041141028e-06
1.964047605157111862e-06
1.066005826828342319e-06
5.226472919807292678e-07
1.956798767447835398e-07
3.786988022870657440e-08
2.305084391146588964e-04
1.831811099395795010e-04
1.426061900439011716e-04
1.095529256454648296e-04
8.342380828580519398e-05
6.358355148100974785e-05
4.903360845686607791e-05
3.803992593093852992e-05
2.954811108424626215e-05
2.284315836376473347e-05
1.730160309582038061e-05
1.269675004819804498e-05
8.934338153423988237e-06
5.955783601224774511e-06
3.723077081556850216e-06
2.153937562205374917e-06
1.152244565142702753e-06
5.448237393069536111e-07
1.878729767191043666e-07
2.563897007556734214e-08
2.551927759282188179e-04
2.022699963851863375e-04
1.571694116803949595e-04
1.206549053291954818e-04
9.192635693064270307e-05
7.017670277799869204e-05
5.424163213110197072e-05
4.215976337333881906e-05
3.277429231487867094e-05
2.532298120252262256e-05
1.913882841934061853e-05
1.399306529978721244e-05
9.796207525064728133e-06
6.486261533031066796e-06
4.020215728752709420e-06
2.301054744204884596e-06
1.220092768334819628e-06
5.631856280539896933e-07
1.822035748441977672e-07
1.624795907695247124e-08
2.773366428919374284e-04
2.193937790192244724e-04
1.702325764718340059e-04
1.306125462670860657e-04
9.955262717502815070e-05
7.609110968988223194e-05
5.891337108095484674e-05
4.585499408418078126e-05
3.566822059029692873e-05
2.754788003973802514e-05
2.078748790683748645e-05
1.515690442027352307e-05
1.056950856505238711e-05
6.962716713360441545e-06
4.287355442127534959e-06
2.433009160660313875e-06
1.280542279614195673e-06
5.792800198570071300e-07
1.771592712414948988e-07
7.934275579813256307e-09
3.013128467958275545e-04
2.379352593785976928e-04
1.843780324938501015e-04
1.413952578569683865e-04
1.078101724626859232e-04
8.249541374036330167e-05
6.397181904001178487e-05
4.985659099295320263e-05
3.880237254988448193e-05
2.995664781475837872e-05
2.257204347934430101e-05
1.641623109383122189e-05
1.140685115435363165e-05
7.478226229602147247e-06
4.576132953610051453e-06
2.575858961537500296e-06
1.346393668275684494e-06
5.970039442477633563e-07
1.718135207308384085e-07
-1.110926741684201728e-09
2.822239563675554733e-04
2.230677709880351850e-04
1.732066716970687560e-04
1.331921186197696817e-04
1.018239914182797923e-04
7.805833920548544053e-05
6.056911123136994227e-05
4.716260182562351607e-05
3.662621464800307799e-05
2.819378597447253035e-05
2.117270112622659213e-05
1.534599539443616705e-05
1.063045884210032142e-05
6.952095290614581235e-06
4.249287205200159160e-06
2.397965270806652947e-06
1.253998488084455961e-06
5.510238817854230693e-07
1.656881121326252197e-07
5.264277320088860287e-09
3.233930535093168220e-04
2.548362264620219705e-04
1.976060577838220709e-04
1.520690509265482267e-04
1.165382721964891452e-04
8.964477830861961797e-05
6.980465667622141369e-05
5.446235581242370866e-05
4.228276769502991434e-05
3.246276847938109789e-05
2.425422693733536703e-05
1.744950338376065132e-05
1.197274437206641011e-05
7.737678027134312813e-06
4.662479227816377097e-06
2.589572930336465635e-06
1.331070559796779419e-06
5.547273827256880371e-07
1.478864193944748533e-07
-1.084868565311715399e-08
3.596803510148094212e-04
2.828216641805533782e-04
2.190776678738463727e-04
1.686603112725818757e-04
1.294558227789864623e-04
9.981011066589307013e-05
7.790698616101644997e-05
6.086968375210223569e-05
4.725385482980627494e-05
3.622053255735987396e-05
2.697199520742493646e-05
1.930871758431832995e-05
1.316253759055726717e-05
8.436246757156989830e-06
5.031077234681291676e-06
2.760726699141328362e-06
1.401313170666346583e-06
5.588521582325849219e-07
1.323047364483592231e-07
-2.512466827880305026e-08
3.989669346299750861e-04
3.131197065946993586e-04
2.423234085656824700e-04
1.866223173718323768e-04
1.434430692538328001e-04
1.108175738522099250e-04
8.667923733962337913e-05
6.780699562613136530e-05
5.263730086817875717e-05
4.028898345197632681e-05
2.991406865092800931e-05
2.132191487962315475e-05
1.445055105851683356e-05
9.192226465406638097e-06
5.430054664547497301e-06
2.945931478175704363e-06
1.477292455163441652e-06
5.632614971129419504e-07
1.154577600693250313e-07
-4.057959570594545850e-08
3.860153361914183149e-04
3.033199727399323595e-04
2.352062192048483757e-04
1.815678492332074563e-04
1.398420083440934762e-04
1.081651258744930987e-04
8.461988949006047560e-05
6.612288297455424623e-05
5.121769989958659130e-05
3.909532637742301690e-05
2.893471463792670717e-05
2.055591860156728848e-05
1.388703301099398245e-05
8.809360281875879619e-06
5.194991485446120977e-06
2.829860845392942347e-06
1.399253098129701709e-06
5.364484046762598787e-07
1.150220509181562709e-07
-3.452594849551345778e-08
4.430969669766655428e-04
3.475513710093682267e-04
2.695487702468207943e-04
2.085475086179802598e-04
1.611744859220685727e-04
1.251259182978433574e-04
9.818459603970941703e-05
7.679140084062983018e-05
5.938271075415632382e-05
4.514467777662655769e-05
3.319651562698563323e-05
2.337717819506689038e-05
1.562136232885538023e-05
9.777551597220862845e-06
5.674895069662644337e-06
3.048389250017003843e-06
1.458028829258556517e-06
5.181393109944247712e-07
8.533374921766903561e-08
-5.622818504233756714e-08
5.041973087559878559e-04
3.948674074447375889e-04
3.062596103690990910e-04
2.373609099521838790e-04
1.839461207319388950e-04
1.432272354245019445e-04
1.126651672201562531e-04
8.818569611152561019e-05
6.811027201485928299e-05
5.162016271770108599e-05
3.776362089831356207e-05
2.640546264775261290e-05
1.748580758958430010e-05
1.082034441359990562e-05
6.192028048381337898e-06
3.284537583359768055e-06
1.522809079120907239e-06
4.995856156403430022e-07
5.341103383139015609e-08
-7.939434991519722041e-08
5.306180771433799620e-04
4.159837304704227341e-04
3.234190199079075992e-04
2.515159563743236547e-04
1.955545730702568487e-04
1.526193838764106363e-04
1.201587544695843660e-04
9.393275122848257258e-05
7.230717706603339591e-05
5.453521764058235347e-05
3.964387484210027179e-05
2.751174542553124920e-05
1.806504095043842461e-05
1.107505129717302670e-05
6.280496987004914087e-06
3.305670023434683926e-06
1.481899053378808600e-06
4.677307098581385528e-07
3.687124823861902740e-08
-8.689495005642335492e-08
6.277106237330622347e-04
4.920244553099033637e-04
3.833817684829042864e-04
2.994267340395085817e-04
2.339288287922517611e-04
1.833033554105656729e-04
1.446608087573719866e-04
1.130253903872384960e-04
8.667813400501234026e-05
6.494908751984836083e-05
4.677223802661283650e-05
3.206870307278232411e-05
2.074718391066464774e-05
1.249146432593101440e-05
6.940969395421777684e-06
3.578052804485530292e-06
1.503270333830582010e-06
4.109131945983136971e-07
-1.657713889387413174e-08
-1.205421071912395116e-07
7.929951183366182885e-04
6.237089933131164917e-04
4.892312673028808038e-04
3.854085718049627069e-04
3.034390659385098805e-04
2.389512602753257294e-04
1.888371650060922263e-04
1.469325901167115272e-04
1.116401597046569512e-04
8.254939817006566984e-05
5.840834264815854509e-05
3.919349445731088626e-05
2.472003583755034181e-05
1.444784305975839984e-05
7.821891850879987080e-06
3.815314023832806465e-06
1.425799090846184277e-06
2.875092020124171080e-07
-1.044692182785131720e-07
-1.702853606702070388e-07
1.246761772376400158e-06
1.319937655490624316e-06
1.401446814323055219e-06
1.468188028531023761e-06
1.506956787973325117e-06
1.508706713170750780e-06
1.468766746645794321e-06
1.374109410361468496e-06
1.230545110911554266e-06
1.054510347734257259e-06
8.646585141120688358e-07
6.829567069310407596e-07
5.254164020050852421e-07
3.989474695661370088e-07
3.034544938188171949e-07
2.337655272014075025e-07
1.831383664111643636e-07
1.452767925085254655e-07
1.154092846738658318e-07
9.068488310026509670e-08
2.427115443917594423e-06
2.562348370923127775e-06
2.712996258322320480e-06
2.827885605140179974e-06
2.878787804762813401e-06
2.846908851864090743e-06
2.725701937030275228e-06
2.495115887340207157e-06
2.177958169180960044e-06
1.817441300533962640e-06
1.453800178718192637e-06
1.126027638743744678e-06
8.563967579114058176e-07
6.490799190595362088e-07
4.973700305949076769e-07
3.881907617309119746e-07
3.081643541130684623e-07
2.464756906191679059e-07
1.961008619437815953e-07
1.526109438597181069e-07
2.636226465089472967e-06
2.789357652639228280e-06
2.962111135610568699e-06
3.098211160545484638e-06
3.165074716892659396e-06
3.139160143938545006e-06
3.010136944531015501e-06
2.754910242537649261e-06
2.400030137570636196e-06
1.996199337047817205e-06
1.590536320974009637e-06
1.227190184298452957e-06
9.304645942208591000e-07
7.040775256959819430e-07
5.395991011313740780e-07
4.218943583418725634e-07
3.358560013350291554e-07
2.693202850257555261e-07
2.150900879419779294e-07
1.672195000570177554e-07
2.756384341760870043e-06
2.919926403154743969e-06
3.105539925349916980e-06
3.253958522980004614e-06
3.330067742117202865e-06
3.307538125618998348e-06
3.173944694075695032e-06
2.904420248377698195e-06
2.527754615076883882e-06
2.098946064910610553e-06
1.669107003336557453e-06
1.285306676317170506e-06
9.730172125982246539e-07
7.356727606636765479e-07
5.638677102524416369e-07
4.412806781271545901e-07
3.517862984438626484e-07
2.824758999018004816e-07
2.260110658221575175e-07
1.756170816128921621e-07
2.840578833500985833e-06
3.011325998383507237e-06
3.205834024190144543e-06
3.362732805711872218e-06
3.445163256477180854e-06
3.424876466283853438e-06
3.288012520107560269e-06
3.008470020971328850e-06
2.616617632838725751e-06
2.170422532025158575e-06
1.723761790428098716e-06
1.325748255273914884e-06
1.002643552790273009e-06
7.576846155795746224e-07
5.807740402163269961e-07
4.547841683873074878e-07
3.628840838604257744e-07
2.916317669222561155e-07
2.336092181130330868e-07
1.814597315421844282e-07
2.906353413179127690e-06
3.082730306120451230e-06
3.284184348094254664e-06
3.447701927795841178e-06
3.535078326429790218e-06
3.516555481706304885e-06
3.377117731968059003e-06
3.089760852917767737e-06
2.686036093559705129e-06
2.226278148410977110e-06
1.766480007449858932e-06
1.357352053793052541e-06
1.025792721325723502e-06
7.748706026186348172e-07
5.939775111944189427e-07
4.653352142640411465e-07
3.715530936514569160e-07
2.987852413824798837e-07
2.395432515121131820e-07
1.860241745968809250e-07
2.965370238585263185e-06
3.146803672320979608e-06
3.354496912895408319e-06
3.523965077966828716e-06
3.615757449213556365e-06
3.598793540306331190e-06
3.457073024592071249e-06
3.162694796210774818e-06
2.748322317858730866e-06
2.276374607409170095e-06
1.804792376075746497e-06
1.385713729015520039e-06
1.046566205096828762e-06
7.903072378363338327e-07
6.058338688880560447e-07
4.747940997267718164e-07
3.793323627764931960e-07
3.052096524945824581e-07
2.448728715341067168e-07
1.901181596746053121e-07
3.029256219809680969e-06
3.216158986710803681e-06
3.430597290859584643e-06
3.606497079029050477e-06
3.703085704247331485e-06
3.687831523836157654e-06
3.543615518038411684e-06
3.241637492537676255e-06
2.815741519797023213e-06
2.330621301007367336e-06
1.846276754594306020e-06
1.416392864517899931e-06
1.069057923974798340e-06
8.070167138876446009e-07
6.186769387024608230e-07
4.850321764953487338e-07
3.877505247677491376e-07
3.121495494554731253e-07
2.506383506152538921e-07
1.945438307887455829e-07
8.649770919246637182e-06
8.994795706710506625e-06
9.333183641608664441e-06
9.453235969314157644e-06
9.261653096066993412e-06
8.733308415184166585e-06
7.924924166329798126e-06
6.849062088076654686e-06
5.654192871075886616e-06
4.502476998607881960e-06
3.483068955784904233e-06
2.656087057505503573e-06
2.028943115302776565e-06
1.570429713798778253e-06
1.239288702537580503e-06
9.927555409076264267e-07
7.982684060236946899e-07
6.352285810088873795e-07
4.932201895680652561e-07
3.649539331402449609e-07
1.183296126304575822e-05
1.225815751456880512e-05
1.265159150062110322e-05
1.271807005150184683e-05
1.233615276182263141e-05
1.149036081912775162e-05
1.028724094962396147e-05
8.768918360601989407e-06
7.149093559394253087e-06
5.639860704911550347e-06
4.340229853024021163e-06
3.308893713190262818e-06
2.539100273428891748e-06
1.980056199295990515e-06
1.574595908090418342e-06
1.267723432518600827e-06
1.020019742448866914e-06
8.086848336582591823e-07
6.206666808467179426e-07
4.537900757042577583e-07
1.343222474735945029e-05
1.391085969207561038e-05
1.434804991884028010e-05
1.440459113852555001e-05
1.394112239355790211e-05
1.294331534103538467e-05
1.154108855196937500e-05
9.792894343299496658e-06
7.948043858676736580e-06
6.246850582674590542e-06
4.795715148419657379e-06
3.653635250544520867e-06
2.806774700438997783e-06
2.194021416488817476e-06
1.749436280768831933e-06
1.411302585291909257e-06
1.136209763596593014e-06
9.013210358482414739e-07
6.887910468482002628e-07
5.017208477325291515e-07
1.453927052667068989e-05
1.505538447508363900e-05
1.552335485806243293e-05
1.557355614548921395e-05
1.505403321984520135e-05
1.395097285402627911e-05
1.241072809616507136e-05
1.050309582709838507e-05
8.502078610932847975e-06
6.667750192767562287e-06
5.111461652885899388e-06
3.892511969410297792e-06
2.992242967418646909e-06
2.342316336238271185e-06
1.870754316861094573e-06
1.510995468158587109e-06
1.217001529776836673e-06
9.654719127771223182e-07
7.360132890827334705e-07
5.348814005644929635e-07
1.540622044408466944e-05
1.595151565266276104e-05
1.644347187025287153e-05
1.648842534083462771e-05
1.592465480720822043e-05
1.473915633741420479e-05
1.309085939360658811e-05
1.105851710237751377e-05
8.935408133260189670e-06
6.996950460913063782e-06
5.358436294187782083e-06
4.079421708043961684e-06
3.137384497895497003e-06
2.458360466924336133e-06
1.965658044322847811e-06
1.589017737043063175e-06
1.280207811111482983e-06
1.015647966504341627e-06
7.729523012328039666e-07
5.608206380593695982e-07
1.618405050185207586e-05
1.675550964555239854e-05
1.726894996064260061e-05
1.730916518003034212e-05
1.670580820242697671e-05
1.544629211252768967e-05
1.370106915115059018e-05
1.155684070377781595e-05
9.324155704452478921e-06
7.292290169689309335e-06
5.580021540209020350e-06
4.247151118893660096e-06
3.267625031838941790e-06
2.562462401388341642e-06
2.050796065133275486e-06
1.659011227811817216e-06
1.336929519212585891e-06
1.060666986671587390e-06
8.060944494723582786e-07
5.841012748836776158e-07
1.702605657816533253e-05
1.762585594900529932e-05
1.816252564505031029e-05
1.819763799535988982e-05
1.755137941899507470e-05
1.621175216346204266e-05
1.436158784812381316e-05
1.209626369458809109e-05
9.744981449081607200e-06
7.611969675413109330e-06
5.819902023643166723e-06
4.428627079980419372e-06
3.408559415048750259e-06
2.675165904373573092e-06
2.142973869586130743e-06
1.734783873386080311e-06
1.398293323687327684e-06
1.109392465869697860e-06
8.419652161259581123e-07
6.092815082327587028e-07
2.032830942618377474e-05
2.079439135319293948e-05
2.110638044927313993e-05
2.076537184995571247e-05
1.962589880877520912e-05
1.776338539352511627e-05
1.546674951779278517e-05
1.285456197626793585e-05
1.027399531641822397e-05
8.015072137594582156e-06
6.156739646295959974e-06
4.729532863839582957e-06
3.682673024057558316e-06
2.918583086397846449e-06
2.349027620648580440e-06
1.898146850264134091e-06
1.518412800540428403e-06
1.186930145781299589e-06
8.840420104527770738e-07
6.370261802307740146e-07
2.579738795685332942e-05
2.626206397895060991e-05
2.648666371758964718e-05
2.584575003233814143e-05
2.418781114385742538e-05
2.165622079433588256e-05
1.866070670887558399e-05
1.536479117599108584e-05
1.219235549113620200e-05
9.477039798944861666e-06
7.280717012653829711e-06
5.614309831340337369e-06
4.398691445229652771e-06
3.508013466485719242e-06
2.835202304498316970e-06
2.292766360399873071e-06
1.829156485091554954e-06
1.419002792322171368e-06
1.045945843563383398e-06
7.491662666852494279e-07
2.934589843183561201e-05
2.982789570513393824e-05
3.001487086889697588e-05
2.919557064176857330e-05
2.721104108898594719e-05
2.424667152329966884e-05
2.079134074531255197e-05
1.704073215790636065e-05
1.347210303122069849e-05
1.045001190243580701e-05
8.026165285200186582e-06
6.198600468511427312e-06
4.870290642148829112e-06
3.895868704741924862e-06
3.155707788530572970e-06
2.553618393570875338e-06
2.035508117925477455e-06
1.573785072843899273e-06
1.154108492327725503e-06
8.244585025376868049e-07
3.211409255195688667e-05
3.261037455171784862e-05
3.276831430656119423e-05
3.181046234864678333e-05
2.957116087375814758e-05
2.626908375712559639e-05
2.245487182321233581e-05
1.834925711134791177e-05
1.447133498615365295e-05
1.120951364687493395e-05
8.607872559113837287e-06
6.654629563506299944e-06
5.238353833424199427e-06
4.198602160318714910e-06
3.405797894116538447e-06
2.757170323010704874e-06
2.196654768812827114e-06
1.694629537236219426e-06
1.238561992470683789e-06
8.832562924253396378e-07
3.460027120379052524e-05
3.510894214935847169e-05
3.524056016667600588e-05
3.415805737643634599e-05
3.168986334052422787e-05
2.808453143086071685e-05
2.394803345005485818e-05
1.952376125181411079e-05
1.536825068790104680e-05
1.189130986805869576e-05
9.130075289935661906e-06
7.064085156212366187e-06
5.568818430960438048e-06
4.470416561020974914e-06
3.630345875448661353e-06
2.939923568224304015e-06
2.341316130032997222e-06
1.803105670291964389e-06
1.314363772787754349e-06
9.360254630389188918e-07
3.729144368679293927e-05
3.781361802107095001e-05
3.791695169448684911e-05
3.669917436661271023e-05
3.398329612093820489e-05
3.004967534424773508e-05
2.556444906774955363e-05
2.079523317925302965e-05
1.633915942743411845e-05
1.262934407426070821e-05
9.695387006610824300e-06
7.507314227496325880e-06
5.926558655483397240e-06
4.764670096277805882e-06
3.873418532130406586e-06
3.137747006994060173e-06
2.497898423366997926e-06
1.920532355036159227e-06
1.396423616798349511e-06
9.931491135687674117e-07
3.708574701714031300e-05
3.729826635547642640e-05
3.705911846097406783e-05
3.552786466637284475e-05
3.260713949671076740e-05
2.863002085097540454e-05
2.425984202448576004e-05
1.970861563639549836e-05
1.550782991506237485e-05
1.203649739485755347e-05
9.292458497813295708e-06
7.236852635761329661e-06
5.737752140006784699e-06
4.619953816896011773e-06
3.749892495932948632e-06
3.025089001931714928e-06
2.394845698587486269e-06
1.820244890845969659e-06
1.326069919989448130e-06
9.372681955714727394e-07
4.533211610759125285e-05
4.532957002385540064e-05
4.471966882613136293e-05
4.251198973371967017e-05
3.865590064512837041e-05
3.362479599306923022e-05
2.826291295659751234e-05
2.281438336580611295e-05
1.788111885441044823e-05
1.387390643518847500e-05
1.074116868232724553e-05
8.409362318583408561e-06
6.706785577519020690e-06
5.424724793744245038e-06
4.410968216963618243e-06
3.552955921254094419e-06
2.801459834874289171e-06
2.107201748899563718e-06
1.526612674511353732e-06
1.070958752844817402e-06
5.151889418925120523e-05
5.137751239043537161e-05
5.050900598091584979e-05
4.780692285440041762e-05
4.325337587621365230e-05
3.742808406977396420e-05
3.131475563173642072e-05
2.518022219917943850e-05
1.968731984372151499e-05
1.526881268199511461e-05
1.183811420901303455e-05
9.294663770480834981e-06
7.438276382016382977e-06
6.032303159117616410e-06
4.910558947677674101e-06
3.952702046052149577e-06
3.110737607514563909e-06
2.325539864755012757e-06
1.679436957920256916e-06
1.173461443663159532e-06
5.706760476507701391e-05
5.680220145622581551e-05
5.570214775561624398e-05
5.255705990324939216e-05
4.737828498824540429e-05
4.084029755522734686e-05
3.405206549683497102e-05
2.730260472314958729e-05
2.130707863962838644e-05
1.651973513522486911e-05
1.282189250065266717e-05
1.008853856051940332e-05
8.093752121813941675e-06
6.577319148368837225e-06
5.358887523177165629e-06
4.311350161506347691e-06
3.388201754096382849e-06
2.521669594741398579e-06
1.816796966745879977e-06
1.265298390232492615e-06
6.307647677762895063e-05
6.267630075322070250e-05
6.132498650091766830e-05
5.769972602070308135e-05
5.184414072184566872e-05
4.453517337098287317e-05
3.701578990866009867e-05
2.960085247913539979e-05
2.306114879694352496e-05
1.787387266061893758e-05
1.388705299795523808e-05
1.094855457699970223e-05
8.804128759380676030e-06
7.167259193424618955e-06
5.844126701888207919e-06
4.699523028080584766e-06
3.688674726615058098e-06
2.733881990219909115e-06
1.965476452820548969e-06
1.364780309509904390e-06
6.017894151757492157e-05
5.944418766324157023e-05
5.783272780938593090e-05
5.414630056793721773e-05
4.847698888831610393e-05
4.156699691759441640e-05
3.456061745358739916e-05
2.768886682899398689e-05
2.163814012175198202e-05
1.683728145397110981e-05
1.313138044392597267e-05
1.038091221642049622e-05
8.355814550611929798e-06
6.795389372804215612e-06
5.526900365092895717e-06
4.430759787407987739e-06
3.454198590236766535e-06
2.560812781857087859e-06
1.840130464364174976e-06
1.271756938697764894e-06
7.211821170418460851e-05
7.076026270821131163e-05
6.831508946168783972e-05
6.342338496958701665e-05
5.629309381489455786e-05
4.788009489383405814e-05
3.956563177138231808e-05
3.156662801346961302e-05
2.463129711523134226e-05
1.920386955501429606e-05
1.504427470062099990e-05
1.196121583922252688e-05
9.677916000865267591e-06
7.893716317438684418e-06
6.419961356162990684e-06
5.132567354204726749e-06
3.972215373108455396e-06
2.922400494376703142e-06
2.089053922691391035e-06
1.430564550239258281e-06
8.256592206479928956e-05
8.068854913402768927e-05
7.753306999463223294e-05
7.159644624162020410e-05
6.318812327746816814e-05
5.345411827031745604e-05
4.398359460820811862e-05
3.498633714696257650e-05
2.726732554983325431e-05
2.128369614412002332e-05
1.672168801277045826e-05
1.334564061991314369e-05
1.083607053794228906e-05
8.856688856063756664e-06
7.203899544422940287e-06
5.749910509437620950e-06
4.429057658965436306e-06
3.241225116689141385e-06
2.309108984981465575e-06
1.571366036828627704e-06
9.387903643653561941e-05
9.143925955553181516e-05
8.751415505499503711e-05
8.044628795775561722e-05
7.065413654681474006e-05
5.948804025097263650e-05
4.876559825626477731e-05
3.868874449630275487e-05
3.012136634857772691e-05
2.353490035837406372e-05
1.853772997574590524e-05
1.484475230064268871e-05
1.209024889460641672e-05
9.899112981205996070e-06
8.052817603395815758e-06
6.418195405256742436e-06
4.923618272861884787e-06
3.586367001643926860e-06
2.547389791596003595e-06
1.723805147671315168e-06
9.210977520669107080e-05
8.921960428522976590e-05
8.498283165261968908e-05
7.782799972589756420e-05
6.818999723579718887e-05
5.735721186322683866e-05
4.705991474802102121e-05
3.740924233598085229e-05
2.920884161860654141e-05
2.290392964749723192e-05
1.809713192499746610e-05
1.452145931943332525e-05
1.183105070897793980e-05
9.674685049730455980e-06
7.850872719148908722e-06
6.240065751675882890e-06
4.757298810356770159e-06
3.471319254824942624e-06
2.456515324982832030e-06
1.655995010634759301e-06
1.104369763290512268e-04
1.060984030352669981e-04
1.001908886072172289e-04
9.095006108306609709e-05
7.901386275387737017e-05
6.597861313080311137e-05
5.388058537416039851e-05
4.273299344185553636e-05
3.338797643026491439e-05
2.628787723616080532e-05
2.089581872525133412e-05
1.686885012870170317e-05
1.380574432513862412e-05
1.130661930236122420e-05
9.159860278143816317e-06
7.251168012433771218e-06
5.472398008914952159e-06
3.971103933679857181e-06
2.790909848499245851e-06
1.859935207336968018e-06
1.300042961109482858e-04
1.241472656437283032e-04
1.164725134758128999e-04
1.050090223357684179e-04
9.061806880237641289e-05
7.522041269916438140e-05
6.118915458254827258e-05
4.843185221708669910e-05
3.785597484924268033e-05
2.990199379793979874e-05
2.388045272737700890e-05
1.937179750061940767e-05
1.591113890037450978e-05
1.304775072798652098e-05
1.055778471883797033e-05
8.333277527021386538e-06
6.238258909784733644e-06
4.506794717104134220e-06
3.149473366675592452e-06
2.079360787045602668e-06
1.406012561708513140e-04
1.330881892000272378e-04
1.239137623065473311e-04
1.110016855663789381e-04
9.531108335473803842e-05
7.886710499554474511e-05
6.413854565672774330e-05
5.085979712418263536e-05
3.990303873151700414e-05
3.169516249588063666e-05
2.545331888272926528e-05
2.073125777731399901e-05
1.705486429667034192e-05
1.396854975639163059e-05
1.126330253366246954e-05
8.824885254440860394e-06
6.567701364829507941e-06
4.729593275216082191e-06
3.279291740442735853e-06
2.146264691108917451e-06
1.741618676815443595e-04
1.630164466042751130e-04
1.501590579221420956e-04
1.331594680716185640e-04
1.133056434436168695e-04
9.310182233833565267e-05
7.549044394993154213e-05
5.988251094128978636e-05
4.715679689232317342e-05
3.773238217947229756e-05
3.054658210674936073e-05
2.505110909549002488e-05
2.068558151036952982e-05
1.693744718303729781e-05
1.360645355101901911e-05
1.056604341971773696e-05
7.783304910976848268e-06
5.568269689594720640e-06
3.817016278753707718e-06
2.460487405172011998e-06
2.330765604338219654e-04
2.137922920556453493e-04
1.936115684375441055e-04
1.692449852187767406e-04
1.424107754817060178e-04
1.162294155030463858e-04
9.433301857845835818e-05
7.526773867637346900e-05
5.991295533867208088e-05
4.865510329039622264e-05
3.992763147522958859e-05
3.304509563045239545e-05
2.735584851468155014e-05
2.230470331217957461e-05
1.775903766553317195e-05
1.350224318932281098e-05
9.834874733474689324e-06
6.938945203420227798e-06
4.653064690711424663e-06
2.926792999927105716e-06
2.912978196103604154e-04
2.943544254512115137e-04
2.871992741701023377e-04
2.690916037609505256e-04
2.413288253565149487e-04
2.055732552466403031e-04
1.652839088958659147e-04
1.268237996576498591e-04
9.431352997870679747e-05
6.941454553804950471e-05
5.201474355115634908e-05
4.031577695779558888e-05
3.232772562741467216e-05
2.649257868693678564e-05
2.172708195476785937e-05
1.748574932862839886e-05
1.358045264903181996e-05
1.003520391344031671e-05
6.960933009245369687e-06
4.387187292808986096e-06
1.160390364688429704e-03
1.163568600162390729e-03
1.123972627289854167e-03
1.040191162376728155e-03
9.197619993262210088e-04
7.718988852231494771e-04
6.120088195422447629e-04
4.651014086010092467e-04
3.449659253150993651e-04
2.550625858426386881e-04
1.931194672722082639e-04
1.514941192212387942e-04
1.225956742784605684e-04
1.008415292774365543e-04
8.251297559357643639e-05
6.591834720857633109e-05
5.060807234359772675e-05
3.684204785775595665e-05
2.501661134811985557e-05
1.560734077167088931e-05
1.477752613702598217e-03
1.479988161774242446e-03
1.427366827304147939e-03
1.318394496367184844e-03
1.163167422749733981e-03
9.739224537271839750e-04
7.705612654508404644e-04
5.847981643046362829e-04
4.336420394384563320e-04
3.209069571614518029e-04
2.433871375317294870e-04
1.912807060213331375e-04
1.549979215291064484e-04
1.275518918278514488e-04
1.043210482489107053e-04
8.323941625772781098e-05
6.378869474652940985e-05
4.632485706843764985e-05
3.134242947877994494e-05
1.954796341433056596e-05
1.658233199248820844e-03
1.659955845848065919e-03
1.599944817648808531e-03
1.476669358630954909e-03
1.301702834357660070e-03
1.088931591235108628e-03
8.608407576257558376e-04
6.529641925320784062e-04
4.841360832879286111e-04
3.583959646179931888e-04
2.719959825718254172e-04
2.139221900377037428e-04
1.734400041708415621e-04
1.427523225573345525e-04
1.167326383609534326e-04
9.310041052228165497e-05
7.129032402542170486e-05
5.172445918814319918e-05
3.494858129575848145e-05
2.179203088031235960e-05
1.783501805676682758e-03
1.784864484016148931e-03
1.719740595687521646e-03
1.586557188554595056e-03
1.397869082375077397e-03
1.168782578506656579e-03
9.235057223822193927e-04
7.002680075061979044e-04
5.191835998586112350e-04
3.844185806887831687e-04
2.918652515255274415e-04
2.296454367889616088e-04
1.862425626286023277e-04
1.533046062401929421e-04
1.253468261606578997e-04
9.994352794191269573e-05
7.649928592941992555e-05
5.547040885538427054e-05
3.744968539981287381e-05
2.335057820225842638e-05
1.881368969348053231e-03
1.882463253934597760e-03
1.813329300700597911e-03
1.672383491292820604e-03
1.472981714082743834e-03
1.231138738325686507e-03
9.724698839406057185e-04
7.372394738728472053e-04
5.465667582535571221e-04
4.047410907557810571e-04
3.073797141923761771e-04
2.419165360967929135e-04
1.962413723278316725e-04
1.615519453013964171e-04
1.320804625928168041e-04
1.052879056941455457e-04
8.056957666026829073e-05
5.840116612466327966e-05
3.940452986945223350e-05
2.456723511266781297e-05
1.969172626994321416e-03
1.970015431866060582e-03
1.897289794239249375e-03
1.749405641478185341e-03
1.540385620915478123e-03
1.287084804683029599e-03
1.016371846875118281e-03
7.703861007729373780e-04
5.711319003886174009e-04
4.229861058289498027e-04
3.212994779030984844e-04
2.529313216731528171e-04
2.052086174442740313e-04
1.689471530372229702e-04
1.381179043599519351e-04
1.100826983572144175e-04
8.421877265054014574e-05
6.102828687888466053e-05
4.115875156057756059e-05
2.565803105908754671e-05
2.064227751880768659e-03
2.064810137373009058e-03
1.988197150532632941e-03
1.832774196769117615e-03
1.613341797899038414e-03
1.347659540740516349e-03
1.063927858551270327e-03
8.062819007022678161e-04
5.977296266696417119e-04
4.427335823876740067e-04
3.363596054234356644e-04
2.648630030039257773e-04
2.149260384206499574e-04
1.769519297391150222e-04
1.446516906599014027e-04
1.152787677841203556e-04
8.817131982383551267e-05
6.387322505592061238e-05
4.305609117857351004e-05
2.684041177076145366e-05
3.154278756674372435e-05
3.206992766374261016e-05
3.141601474480270825e-05
2.942414684627667987e-05
2.619398658976743706e-05
2.195862391696209990e-05
1.724989316276174454e-05
1.291643712204997695e-05
9.439238735188516276e-06
6.902154912797173715e-06
5.197768596210328900e-06
4.083418578447745000e-06
3.328418733396729750e-06
2.765997666595304572e-06
2.287937027145557424e-06
1.845484793317982258e-06
1.426983943412427270e-06
1.044793552021756512e-06
7.067649372750733400e-07
4.194936761990560250e-07
9.326640001940831801e-04
9.078189605485098871e-04
8.442052640402399749e-04
7.460789223143509319e-04
6.268579160205938828e-04
5.001165908554612311e-04
3.800461851340450163e-04
2.827473691180971125e-04
2.109719348642084358e-04
1.605600746768566793e-04
1.268225017911248868e-04
1.034940745976881430e-04
8.574353635525813560e-05
7.074328949233293429e-05
5.693671362627290042e-05
4.402183217785957180e-05
3.226777263370466341e-05
2.212317183247082040e-05
1.362904781606611357e-05
9.124602165720050823e-06
1.499672876183955105e-03
1.455393848488537381e-03
1.348494306774365671e-03
1.186802000379342647e-03
9.929696020448631946e-04
7.894120122210088967e-04
5.985894558310425736e-04
4.453133386239359901e-04
3.329464041791095402e-04
2.542325249327929949e-04
2.015159722888166898e-04
1.648587500115309486e-04
1.367045598572319695e-04
1.126925664932062782e-04
9.049960866894620664e-05
6.974336970985138301e-05
5.090606290252212282e-05
3.470317496173803946e-05
2.129415299608994509e-05
1.429972381470385712e-05
1.809589239040342110e-03
1.754789557970214174e-03
1.624358740890866027e-03
1.428064295191765502e-03
1.193537561766213782e-03
9.479836296350879982e-04
7.184046382097097590e-04
5.344497503442963452e-04
3.998079363898288108e-04
3.055427004272915346e-04
2.424095401810905754e-04
1.984409477740727424e-04
1.645885590918171038e-04
1.356509130688693637e-04
1.088798862661667367e-04
8.383056503507772914e-05
6.112151593109104873e-05
4.160457540408593391e-05
2.550137948638220395e-05
1.713976215294393238e-05
2.024621445753686886e-03
1.962538772066631763e-03
1.815796565941148709e-03
1.595479692716121785e-03
1.332701735673942275e-03
1.057994340878191594e-03
8.015277736913536174e-04
5.962928834136161337e-04
4.461975921716142181e-04
3.411501800020609707e-04
2.707775123141245945e-04
2.217469332922064715e-04
1.839305218480789188e-04
1.515845698912927572e-04
1.216302805653205686e-04
9.360751362815887143e-05
6.821089505066089227e-05
4.639358046052484853e-05
2.842072558145793227e-05
1.910997621048261130e-05
2.192622421003532357e-03
2.124834685452169775e-03
1.965347422602570660e-03
1.726253692460192994e-03
1.441412547667137974e-03
1.143938915071047091e-03
8.664818623458352565e-04
6.446040884254255207e-04
4.824419462933674072e-04
3.689626079772721193e-04
2.929523502600926005e-04
2.399519233155254024e-04
1.990569311057295999e-04
1.640270550208324473e-04
1.315906081918238402e-04
1.012476117544948141e-04
7.374746143472015630e-05
5.013439337205066347e-05
3.070162470717896795e-05
2.064905020796654306e-05
2.343337454072468885e-03
2.270460883254657534e-03
2.099529420940137499e-03
1.843582221255859197e-03
1.538946001572704227e-03
1.221057035395914717e-03
9.247602573255590298e-04
6.879498053630274433e-04
5.149474433153925076e-04
3.939177624090634293e-04
3.128454868423301391e-04
2.562876030671969911e-04
2.126169115690837788e-04
1.751992986724699628e-04
1.405297960725984349e-04
1.080978100290801261e-04
7.871817329948949213e-05
5.349132800224834110e-05
3.274714026245840320e-05
2.203073529369210793e-05
2.506507266794269669e-03
2.428100461576587592e-03
2.244790554899981413e-03
1.970612851340171594e-03
1.644539312346496524e-03
1.304538574184991272e-03
9.878324609595458272e-04
7.348746029661304196e-04
5.501378797733381867e-04
4.209279829423585601e-04
3.343736461215860356e-04
2.739652645164327208e-04
2.272965913585594654e-04
1.872819761733385041e-04
1.502016560210529719e-04
1.155150609458120443e-04
8.409565533897798994e-05
5.712463177407832817e-05
3.496262586045242724e-05
2.352546674760551683e-05
-4.523706973339320064e-05
-4.253753507263070995e-05
-3.792888583029275151e-05
-3.196489359322149349e-05
-2.563676027764656706e-05
-1.971932029817303016e-05
-1.470540344962260646e-05
-1.101441976138655021e-05
-8.461555467250642066e-06
-6.702114725885774235e-06
-5.498965444873673619e-06
-4.595500838831148703e-06
-3.825536578129909830e-06
-3.115538840163080456e-06
-2.438770624295137202e-06
-1.811778979326439553e-06
-1.261964004140588012e-06
-7.980543812214568033e-07
-5.152765562633782706e-07
-3.082895484759531778e-07
4.598729137106217081e-04
4.359027444253745897e-04
3.924271339215856151e-04
3.342570192411908566e-04
2.707577764070751296e-04
2.097285429922566354e-04
1.568008158052080180e-04
1.170703746454303360e-04
8.924289054630883927e-05
7.003815627617725680e-05
5.701744578452193986e-05
4.745282705955287527e-05
3.950525447965527308e-05
3.229466434076506384e-05
2.545346580804333671e-05
1.908750082118541139e-05
1.345488193011107229e-05
8.697965356115998296e-06
5.429667151549902084e-06
3.452757087851352475e-06
1.281463400139956155e-03
1.205825008456705818e-03
1.076464133818017064e-03
9.088329629826075434e-04
7.305932015711891865e-04
5.632673613976897685e-04
4.207317567417508401e-04
3.152341145103834999e-04
2.419636051719412193e-04
1.913367987061223303e-04
1.567100468987237373e-04
1.307879972321201708e-04
1.088031649518577640e-04
8.861484470559082298e-05
6.941879228906847716e-05
5.164322155899991998e-05
3.604630970163375035e-05
2.283807330375471923e-05
1.474625286964078358e-05
8.871288083497815826e-06
1.738422043988339331e-03
1.633545770868331760e-03
1.455969312483907990e-03
1.227197810342038013e-03
9.851351434518550425e-04
7.588889720923136430e-04
5.668001198120109062e-04
4.249870094339637441e-04
3.266316230510988021e-04
2.586628600910283442e-04
2.120897410343218449e-04
1.770909358067813228e-04
1.472949320409225121e-04
1.198813118877978956e-04
9.380045843092312213e-05
6.967437020304849806e-05
4.853988257076723921e-05
3.063619940923335052e-05
1.990015923448105521e-05
1.185082447628380978e-05
2.052824668843533044e-03
1.927887539907341364e-03
1.717181003011020819e-03
1.446390661841914695e-03
1.160417797611728793e-03
8.936113998980453350e-04
6.673789999220162191e-04
5.005581151596328205e-04
3.849241083307894645e-04
3.050013137835442894e-04
2.501933698069148081e-04
2.089556894984856308e-04
1.737828605825640703e-04
1.414011296277141178e-04
1.105842533815417110e-04
8.208865164538521240e-05
5.714497164730260868e-05
3.600878779201181236e-05
2.344907518733312067e-05
1.390482885932056896e-05
2.298464153301523014e-03
2.157846894826577142e-03
1.921269901749152100e-03
1.617639455669212141e-03
1.297363166930031158e-03
9.988527001478148849e-04
7.459565102793845950e-04
5.595936703728449568e-04
4.304670690875350876e-04
3.411997694496519268e-04
2.799659471287366252e-04
2.338517959649862856e-04
1.944806972035683105e-04
1.582070854921440969e-04
1.236943983172338361e-04
9.178796725986005116e-05
6.386779018500402146e-05
4.020669819136568515e-05
2.622242296262500098e-05
1.550863389452867939e-05
2.518838678907777892e-03
2.364156269917360234e-03
2.104365007888341858e-03
1.771252883646176699e-03
1.420202598784954529e-03
1.093287746672916500e-03
8.164516310413939913e-04
6.125560446439610486e-04
4.713292440195393160e-04
3.736870118021229066e-04
3.066796746776712839e-04
2.561795437464181591e-04
2.130507061624955861e-04
1.732947197905708946e-04
1.354604561696867487e-04
1.004915027684137856e-04
6.989783312200188617e-05
4.397170558628172660e-05
2.871005655544395352e-05
1.694732369125363978e-05
2.757360281252256226e-03
2.587478851446582337e-03
2.302535871348164714e-03
1.937553453185710374e-03
1.553187935261417501e-03
1.195492293029856061e-03
8.927687566099693937e-04
6.698871338351818474e-04
5.155539709518216314e-04
4.088425076434823446e-04
3.355943256470735286e-04
2.803568351232765734e-04
2.331495146392719125e-04
1.896193101522972927e-04
1.481911301471087929e-04
1.099105238907310047e-04
7.642580804087543620e-05
4.804815658333148372e-05
3.140083139942764003e-05
1.850661758530696275e-05
-1.824533543498689761e-05
-1.683643729844063231e-05
-1.469539866673389134e-05
-1.212013476362758218e-05
-9.554105399831525818e-06
-7.286553921504823873e-06
-5.440839525155757267e-06
-4.124397490955015944e-06
-3.228491117100792211e-06
-2.605120179799436351e-06
-2.165996974811287232e-06
-1.818803830998938120e-06
-1.508439233126127808e-06
-1.215662094283199530e-06
-9.363260449931138014e-07
-6.813467791360692905e-07
-4.626122561469744727e-07
-2.763253376273179072e-07
-1.945997942273628628e-07
-1.003980267606614593e-07
6.940850185560267166e-05
6.524666938363649733e-05
5.807476747530815217e-05
4.876795977509978464e-05
3.892130175843200562e-05
2.979854387029371240e-05
2.215425252116165692e-05
1.657795806401973741e-05
1.274894721336621478e-05
1.012350828225516180e-05
8.330833187907696739e-06
6.979447208667851362e-06
5.818952659109047876e-06
4.741392276072040548e-06
3.708743933603999053e-06
2.750059995047744685e-06
1.912864403142883951e-06
1.153929781512421062e-06
8.211594845808628591e-07
4.526984265957220620e-07
8.773649552870136075e-04
8.026473225619584545e-04
6.940097305681596678e-04
5.672638146534796913e-04
4.443775209247783340e-04
3.382534470668349972e-04
2.531392650823112889e-04
1.931438965058763482e-04
1.525308324222091570e-04
1.240402946458162481e-04
1.036287808136927867e-04
8.711252543049832048e-05
7.206895901725680399e-05
5.777407416341757377e-05
4.417030417923581442e-05
3.184485986122894010e-05
2.135668951991345960e-05
1.266377899276611993e-05
8.876131790177972569e-06
4.414362887589521571e-06
1.500319705060353158e-03
1.368324439936434043e-03
1.179271099400503202e-03
9.609969294439910494e-04
7.513598966432170857e-04
5.716940064173115389e-04
4.282690392021183874e-04
3.275741596839759130e-04
2.594885098410337505e-04
2.115785317102824919e-04
1.770298308848000245e-04
1.488433824069156607e-04
1.230192262749511237e-04
9.842957190180770598e-05
7.505068807469487209e-05
5.393323013123229443e-05
3.599937724293946102e-05
2.141396864550610383e-05
1.487455251397982809e-05
7.322660859748948860e-06
1.913359981386696844e-03
1.743544761021687808e-03
1.501262736002518215e-03
1.222384277234865027e-03
9.552010000559580912e-04
7.267085909509048104e-04
5.445553271659171399e-04
4.167951584386025933e-04
3.304616718336448071e-04
2.696343290346173561e-04
2.257074666850388250e-04
1.897756352457093251e-04
1.568107039553044062e-04
1.253981593704334976e-04
9.554387919701577171e-05
6.859672026397653196e-05
4.572537157168753543e-05
2.722415746551353779e-05
1.886245265161480246e-05
9.258780214744616278e-06
2.235744241292034543e-03
2.036443236023995247e-03
1.752618039919252423e-03
1.426434066714935087e-03
1.114334934310791739e-03
8.477170462977402744e-04
6.353365385365075061e-04
4.864468234246047845e-04
3.858555626562040698e-04
3.149560593292390835e-04
2.637032913675719484e-04
2.217271201760878717e-04
1.831827026184859033e-04
1.464477344683345829e-04
1.115396961085528569e-04
8.004292471543526376e-05
5.331629081822275031e-05
3.175860145445939413e-05
2.197708425273539324e-05
1.077093620293192206e-05
2.524998902361269559e-03
2.299173666449634904e-03
1.978125750565089096e-03
1.609479133372267905e-03
1.257092705494272395e-03
9.562848085323353295e-04
7.167750041696333962e-04
5.489357475115179234e-04
4.355608485314852395e-04
3.556135307980606819e-04
2.977890121387053693e-04
2.503900722479671234e-04
2.068449680416875006e-04
1.653343985594976607e-04
1.258936105761821118e-04
9.031127290484452532e-05
6.013037192807534200e-05
3.582589540767615620e-05
2.477073960543447819e-05
1.212715139878344936e-05
2.838101468240037013e-03
2.583632779603637925e-03
2.222215236957965443e-03
1.807625035574105280e-03
1.411614301988238940e-03
1.073806927416579363e-03
8.049190787556716577e-04
6.165712124045015421e-04
4.893580550897692937e-04
3.996302984307119940e-04
3.346826808196482080e-04
2.814274581288756026e-04
2.324559162166310025e-04
1.857744074318635433e-04
1.414259664733314142e-04
1.014292208321382550e-04
6.750401812088625733e-05
4.023013183110657747e-05
2.779537063757012854e-05
1.359396061680920028e-05
-2.608555587754039569e-06
-2.355166730124176018e-06
-2.007509070244700112e-06
-1.619072066332864449e-06
-1.257144424484427460e-06
-9.550384384107754628e-07
-7.178421991780784174e-07
-5.536378539949186202e-07
-4.432211790222038136e-07
-3.645184184243735813e-07
-3.065881777684554467e-07
-2.580015294998187319e-07
-2.125308451701280557e-07
-1.690151574223433549e-07
-1.277248280979964961e-07
-9.077191936821701226e-08
-5.963047863451930141e-08
-3.568866731190890370e-08
-2.413378285813269818e-08
-1.142266217136053951e-08
-4.766963909008228780e-05
-4.209753176217028787e-05
-3.507597252535062110e-05
-2.774351721424024944e-05
-2.132170800733092589e-05
-1.622283761367651663e-05
-1.233098465654175847e-05
-9.702425008208359660e-06
-7.940175080675436817e-06
-6.638380743477860378e-06
-5.627197551060774826e-06
-4.729568576170915090e-06
-3.862486910842569110e-06
-3.025928342894513603e-06
-2.242259201745529842e-06
-1.555154874959536655e-06
-9.769435759253980100e-07
-6.462465203667409493e-07
-3.706899565138449590e-07
-1.677729780505682665e-07
3.958277977934641749e-04
3.538246351411882657e-04
2.985002462644355389e-04
2.386015431603241330e-04
1.843469608039152697e-04
1.400887171790739314e-04
1.057908016592880399e-04
8.231270060784965606e-05
6.655508216991861737e-05
5.515936957026752128e-05
4.657043319468987999e-05
3.917555683784593754e-05
3.215240638362703288e-05
2.539661250833958919e-05
1.902505077011285370e-05
1.337469495135704983e-05
8.626410541181221979e-06
5.387633329265571062e-06
3.393349468835877164e-06
1.573277315001361411e-06
1.154332112486263244e-03
1.024634299640964996e-03
8.585141448390994816e-04
6.825185267771065410e-04
5.261113695258320304e-04
4.003043180077136762e-04
3.035207852965957575e-04
2.376892079637520072e-04
1.934762588870050568e-04
1.610986650406463945e-04
1.362773801727513491e-04
1.145404579784038690e-04
9.371269131093590515e-05
7.366260053969815721e-05
5.483759109390234389e-05
3.825883488944832540e-05
2.427082049333221850e-05
1.567487760572502592e-05
9.382825889104082112e-06
4.308409638811576712e-06
1.663544142181082319e-03
1.474544216253611531e-03
1.233788803741861246e-03
9.798073138145809487e-04
7.549554055650891868e-04
5.746009509600541725e-04
4.360533226263802495e-04
3.419234539593099748e-04
2.786959763606903498e-04
2.322810621927213581e-04
1.965564508626559321e-04
1.651745764021953704e-04
1.350533923734311055e-04
1.060493211251953239e-04
7.884557600174793427e-05
5.492301341756984634e-05
3.471900825627056292e-05
2.257057111389846826e-05
1.337515331339623589e-05
6.130097610391429581e-06
2.056750765825185803e-03
1.822015721206588553e-03
1.523663565273170690e-03
1.209482435427913782e-03
9.317515590244864008e-04
7.092451590439561226e-04
5.384257462089449319e-04
4.224329888139925293e-04
3.445067352953532619e-04
2.872374447983443439e-04
2.430993334534019463e-04
2.042718997296245269e-04
1.669677614574604694e-04
1.310606757345194283e-04
9.739147617619675645e-05
6.779921490630586457e-05
4.279730016294827258e-05
2.789628435897005120e-05
1.646202941832167674e-05
7.539349281484118619e-06
2.409480318754654484e-03
2.133729422443897579e-03
1.783718779520473670e-03
1.415527939736250596e-03
1.090363745528842880e-03
8.300462559912314417e-04
6.302510825392716081e-04
4.946592237097495589e-04
4.035469145021538151e-04
3.365340622122941138e-04
2.848523571012020594e-04
2.393404721682073331e-04
1.956065816520781973e-04
1.534999414803704459e-04
1.140264550360430343e-04
7.934835782535386046e-05
5.004300278673692783e-05
3.267344535655253675e-05
1.923284660914584371e-05
8.803391105321843393e-06
2.791342684406617359e-03
2.471173595088681143e-03
2.065244146158281158e-03
1.638595511210153488e-03
1.262081120502252241e-03
9.608204863636418853e-04
7.296772479077454120e-04
5.728386559350924761e-04
4.674536912181953096e-04
3.898924151584256767e-04
3.300394744829524560e-04
2.772940627597231234e-04
2.265995490490436601e-04
1.777883307255456226e-04
1.320380194458171204e-04
9.185339855566197363e-05
5.788520900413215601e-05
3.784485607954777832e-05
2.223055391376531484e-05
1.017160078543797780e-05
-1.779370050569318691e-07
-1.574629445672838991e-07
-1.314995302365852443e-07
-1.042446310984902147e-07
-8.023452865740921517e-08
-6.105063396719196981e-08
-4.634025533651185847e-08
-3.640741593906023773e-08
-2.972326503491909799e-08
-2.480451296637373800e-08
-2.100518682626263221e-08
-1.765673591760942859e-08
-1.443078872193639223e-08
-1.131876728953543129e-08
-8.403231353595149620e-09
-5.843251561775260683e-09
-3.685295523295557851e-09
-2.422897919073888397e-09
-1.408813220920998497e-09
-6.425214985862742308e-10
-2.678793538921548533e-05
-2.335425291737909420e-05
-1.923131816349422078e-05
-1.508701755019107376e-05
-1.157366779925850219e-05
-8.847201475648366586e-06
-6.786364654638201047e-06
-5.406809907428883374e-06
-4.476153861079786103e-06
-3.768790481522175389e-06
-3.201194356493224545e-06
-2.683025572523168195e-06
-2.176704649566303867e-06
-1.689251648889579424e-06
-1.237028025527026112e-06
-8.459407920262345999e-07
-5.108254393983455140e-07
-3.585305018699790558e-07
-1.887284862218663412e-07
-8.467288800225605631e-08
5.809126586097916335e-05
5.168180563107803904e-05
4.331831985705297458e-05
3.437997753604034518e-05
2.641849561740423384e-05
2.002854511743758383e-05
1.513203285140350275e-05
1.181513670763527982e-05
9.602042183459586475e-06
7.996515885902904440e-06
6.773599927491300376e-06
5.706109198775959262e-06
4.680941360224536201e-06
3.689111967301862074e-06
2.753096520791680223e-06
1.925724906358903924e-06
1.222975734869578469e-06
8.168876807593961189e-07
4.721260760611629650e-07
2.155009921372181357e-07
7.476107054321314439e-04
6.485849562376007219e-04
5.317744722744355366e-04
4.160241680210804201e-04
3.190684212044703249e-04
2.444581390737204994e-04
1.882452798057475797e-04
1.507286465193710093e-04
1.253351094277355550e-04
1.057931938155320050e-04
8.990527059202436033e-05
7.526236200535712660e-05
6.089338035282656049e-05
4.708013085410454629e-05
3.431794084994439764e-05
2.333342771371826882e-05
1.390303742961812976e-05
9.865328355148949749e-06
5.077884970240679774e-06
2.267790480200490476e-06
1.362755110555186099e-03
1.178963228729588541e-03
9.643368135708455576e-04
7.533216123647220198e-04
5.777565705150757361e-04
4.432661172942633804e-04
3.421204812220180825e-04
2.747225705812079630e-04
2.289912346808047679e-04
1.935536626186298685e-04
1.645240583207150504e-04
1.376225344424615636e-04
1.111761681367924467e-04
8.577172007824440301e-05
6.235485344790340568e-05
4.225500362614387418e-05
2.504550265872228815e-05
1.782312361920121850e-05
9.067633484224264817e-06
4.038210577873708002e-06
1.821459211001578288e-03
1.574577724920490788e-03
1.287097400844773023e-03
1.005022783392466295e-03
7.707912739689572754e-04
5.916108628061351408e-04
4.569061489522453735e-04
3.671843340788902570e-04
3.062770970938043865e-04
2.589733630076000693e-04
2.201497405612802907e-04
1.841138597227761958e-04
1.486640123135139627e-04
1.146246375642889532e-04
8.327137139540819789e-05
5.637392974024809153e-05
3.336769436599245291e-05
2.376158215335364855e-05
1.205031682215911587e-05
5.362237488237800819e-06
2.232556162881090683e-03
1.929154584991992546e-03
1.576332801015066509e-03
1.230622305279299028e-03
9.437954808801070957e-04
7.245599185609838400e-04
5.597798099834734630e-04
4.500456014699948408e-04
3.755357393059261862e-04
3.175995272521762243e-04
2.699946272289973281e-04
2.257700770942735937e-04
1.822610270610679000e-04
1.404878316693052400e-04
1.020159658847970892e-04
6.903006094303567393e-05
4.082581681956809548e-05
2.908539286302753733e-05
1.472303627218856031e-05
6.549917297612428669e-06
2.677556864066989173e-03
2.312978652866813385e-03
1.889496713120956441e-03
1.474835631786240806e-03
1.131091912785632753e-03
8.684869748343678700e-04
6.711486015658330549e-04
5.397574377724494513e-04
4.505198997521516098e-04
3.810697819465558929e-04
3.239611200729783586e-04
2.708725257895165986e-04
2.186352240611993730e-04
1.684798514480613865e-04
1.223062863859527172e-04
8.273119952600146553e-05
4.890062505560225715e-05
3.484872079097538385e-05
1.761767905913214080e-05
7.834688216383191094e-06
-4.162452896655017185e-09
-3.638366667249521038e-09
-3.002339703644394930e-09
-2.358000339094012846e-09
-1.808462879975518128e-09
-1.380332478862333436e-09
-1.056542067236390268e-09
-8.393580832222172592e-10
-6.932880020444066366e-10
-5.829936462322358353e-10
-4.951402752208671426e-10
-4.153200351543653644e-10
-3.374336524619138936e-10
-2.623921523787896931e-10
-1.926310030544126406e-10
-1.320976336866318846e-10
-8.035022679039932902e-11
-5.632642602437782615e-11
-2.980983461694410968e-11
-1.339026954705756245e-11
-5.704657058523410105e-06
-4.891182933295878448e-06
-3.969480694783075523e-06
-3.085737068664453037e-06
-2.366148065754216629e-06
-1.823579305161218105e-06
-1.417991143039002450e-06
-1.149100828901984817e-06
-9.653758773267367708e-07
-8.195077603119001213e-07
-6.971568628873540211e-07
-5.817680362069634713e-07
-4.676866003691046413e-07
-3.583495462144478545e-07
-2.582820945182836644e-07
-1.731721343401130239e-07
-1.005899371719043432e-07
-7.249568520948433547e-08
-3.541569769905828684e-08
-1.562344647801705192e-08
-4.272991649311230831e-05
-3.602926550897055298e-05
-2.885043203758893863e-05
-2.227101760074974972e-05
-1.712168468968399240e-05
-1.334658838162344625e-05
-1.054371350175610831e-05
-8.697431490702050162e-06
-7.409571406835991026e-06
-6.332315652828872505e-06
-5.387288153731089150e-06
-4.470345195061863836e-06
-3.557065559181408098e-06
-2.688725550214843045e-06
-1.905838632209987500e-06
-1.248930186765772246e-06
-7.335417696614913868e-07
-5.031992180928366390e-07
-2.337788435889288839e-07
-1.012633079977688925e-07
3.367501559838295038e-04
2.870236006810196472e-04
2.318109599327054186e-04
1.797248067534010110e-04
1.379080528670652533e-04
1.066892860644556466e-04
8.341117225019200644e-05
6.801980151693646744e-05
5.743324322491707176e-05
4.887728052648059154e-05
4.158451790440190047e-05
3.463544155618321493e-05
2.774359588155889394e-05
2.115694796475296207e-05
1.516046793290267886e-05
1.008559765214827312e-05
5.854595515094096636e-06
4.169724141662046329e-06
2.000145957801573826e-06
8.767100421091735608e-07
1.018998038025070848e-03
8.637628759349758262e-04
6.947542847400938176e-04
5.376826083722117044e-04
4.131581371596434560e-04
3.209985605299668079e-04
2.523793176870036065e-04
2.070524227293302417e-04
1.756271162071949669e-04
1.497738254754493248e-04
1.273962015103297150e-04
1.058785482775730736e-04
8.449848082500759300e-05
6.413248252706186083e-05
4.569320193471303518e-05
3.014829904568308005e-05
1.777121159702684992e-05
1.228442253092829544e-05
5.819753022152879925e-06
2.538906818381974497e-06
1.533271186286455558e-03
1.298220141450271304e-03
1.043350074053636016e-03
8.071960679077168181e-04
6.204645185075236338e-04
4.825096509284841260e-04
3.798080794688161641e-04
3.119862167509453079e-04
2.648838623338646797e-04
2.259799005264998180e-04
1.922032040313108650e-04
1.596680753628213878e-04
1.273279570402169282e-04
9.654359547883655597e-05
6.870413751116239429e-05
4.524802951874995705e-05
2.677332211282331488e-05
1.838029199524154065e-05
8.686641110556125647e-06
3.785848770498397066e-06
1.989935887003386507e-03
1.684074917112108726e-03
1.352968962631887579e-03
1.046582096066141481e-03
8.045751694547410111e-04
6.259329325258293931e-04
4.929529053724130598e-04
4.051480824224332764e-04
3.441160523195698428e-04
2.936283399050274522e-04
2.497307671453162753e-04
2.074135463291957378e-04
1.653492090371101503e-04
1.253187698197355136e-04
8.914045369483314385e-05
5.866054289482763520e-05
3.476544106692305305e-05
2.379595963883897937e-05
1.123535384618261660e-05
4.893996189892634351e-06
2.484251598957084271e-03
2.101723653442959684e-03
1.688086816091923957e-03
1.305704187575161546e-03
1.003876642329300977e-03
7.811810531519490291e-04
6.154351351722090434e-04
5.059905717840924031e-04
4.298795935883940227e-04
3.668483873198914052e-04
3.119990899488006108e-04
2.590936213966529996e-04
2.065078721439659129e-04
1.564702155510154025e-04
1.112554080460935685e-04
7.317646732513759093e-05
4.341616986845922300e-05
2.965934012318885183e-05
1.399131468184748821e-05
6.092914443940241001e-06
-1.169709115705258234e-11
-1.017412356280849061e-11
-8.356996263292600482e-12
-6.541916106785045332e-12
-5.013319710659030912e-12
-3.833414041624825616e-12
-2.944170452136731743e-12
-2.350583398278548501e-12
-1.950180483624979075e-12
-1.644324884142655646e-12
-1.397393507000247939e-12
-1.170865221905497041e-12
-9.490352961642973374e-13
-7.357245844720473500e-13
-5.377992651076198028e-13
-3.664147397207954741e-13
-2.192671964821307914e-13
-1.570828300540382908e-13
-8.068863985377840867e-14
-3.589617918919601072e-14
-6.646956461978969113e-07
-5.613087217142635049e-07
-4.501424345852012670e-07
-3.478577247679679225e-07
-2.674862292620508187e-07
-2.083855786631072355e-07
-1.644325390399657104e-07
-1.354385599718435310e-07
-1.152375702533422386e-07
-9.841041175736712580e-08
-8.370567107457213838e-08
-6.948194757320801989e-08
-5.533048336995922714e-08
-4.185774587173723701e-08
-2.971521527783220730e-08
-1.950241494524335806e-08
-1.156432188727899473e-08
-7.869440325132239059e-09
-3.688190094004206445e-09
-1.602383718906017274e-09
-2.742213173375721973e-05
-2.293965040413426575e-05
-1.827589368143089080e-05
-1.409309588732545951e-05
-1.087671668837272664e-05
-8.546944646037390390e-06
-6.815695210239029323e-06
-5.673731142687548592e-06
-4.863949874804624126e-06
-4.166298160323209482e-06
-3.540388068509849393e-06
-2.926353927683664750e-06
-2.314500427814255730e-06
-1.736400320654406333e-06
-1.219822827875289395e-06
-7.872047952525540811e-07
-4.892151336477322982e-07
-3.085264863747905150e-07
-1.421469396896648394e-07
-6.128341297770697580e-08
6.157609861683924440e-05
5.215709272758087858e-05
4.188254054823325952e-05
3.234877583662817339e-05
2.480729058566675014e-05
1.923973479021637371e-05
1.511040796413845503e-05
1.239231359596662913e-05
1.051537386127640812e-05
8.975201054403262081e-06
7.642995839674171491e-06
6.359284968363327094e-06
5.080464938256763187e-06
3.859226562653606877e-06
2.751158015967694775e-06
1.824910321733695439e-06
1.052454506180036659e-06
7.423303867948088939e-07
3.484060088273639479e-07
1.512456417134485173e-07
6.684114868709096309e-04
5.575337743598104620e-04
4.434125498667778860e-04
3.418475682127980974e-04
2.642794292602851629e-04
2.083577802374683545e-04
1.667660038346325310e-04
1.393021239225749762e-04
1.196949799221748266e-04
1.025999080402233062e-04
8.713561577431918779e-05
7.190859405582467696e-05
5.673903094366859376e-05
4.244254208440576985e-05
2.971118597403302197e-05
1.903704618702253018e-05
1.205963427988010287e-05
7.393963607092522757e-06
3.392465622816759716e-06
1.460964665111787711e-06
1.243086874719830657e-03
1.034984593616776255e-03
8.222394892162445540e-04
6.338427462093007515e-04
4.905902946133131872e-04
3.876073055438196738e-04
3.109709046901301416e-04
2.603313890764716548e-04
2.240117502522640490e-04
1.921005709233334106e-04
1.630864654267778779e-04
1.344485169711324448e-04
1.059237439411278261e-04
7.908367854075820994e-05
5.523491410695177412e-05
3.521878960684787026e-05
2.256402495674091727e-05
1.360296660948347236e-05
6.225444588700159233e-06
2.677718385095695125e-06
1.738620473450342699e-03
1.446778483172977666e-03
1.149009137581153382e-03
8.857066720563371151e-04
6.857679455716360686e-04
5.421699083796390926e-04
4.352834731905765790e-04
3.646332801056997603e-04
3.138962118298169570e-04
2.692155017178638724e-04
2.285273809098771968e-04
1.883406292164826307e-04
1.483134646756650941e-04
1.106689649211355927e-04
7.724406060568517825e-05
4.917975601253435217e-05
3.161457496265487177e-05
1.896375456497435762e-05
8.671344615016675586e-06
3.729500094716358800e-06
2.274778267568358832e-03
1.892308013598242421e-03
1.502569816689970248e-03
1.158220888614360433e-03
8.969652606504429629e-04
7.093974628451197185e-04
5.697652222569537985e-04
4.774822865501791402e-04
4.111478649086152673e-04
3.526524268974914346e-04
2.993337557033302508e-04
2.466530505026400997e-04
1.941811306214927377e-04
1.448464919106925335e-04
1.010577896918422506e-04
6.428548922171902879e-05
4.140852106041098524e-05
2.476440384119334403e-05
1.131740326313391499e-05
4.866160101539327154e-06
-1.687573778941454409e-15
-1.465054574645426327e-15
-1.201307597065861670e-15
-9.392936858678837167e-16
-7.196678372248036172e-16
-5.507323214383543004e-16
-4.235926363643543762e-16
-3.388571745727097572e-16
-2.816307827286682545e-16
-2.377250623252736904e-16
-2.021070895935012090e-16
-1.693014379070469490e-16
-1.370902179285916899e-16
-1.060808362625468449e-16
-7.738701310760296119e-17
-5.266600798169672830e-17
-3.124739993016830302e-17
-2.254551616094690460e-17
-1.145543665886155463e-17
-5.111444121049564702e-18
-4.219423139892608612e-08
-3.523083760491181913e-08
-2.803152361366620112e-08
-2.160611663943665212e-08
-1.668699257876097981e-08
-1.313549791087293319e-08
-1.049593009738838339e-08
-8.753590193919915018e-09
-7.514437430946713467e-09
-6.441105233761886267e-09
-5.471431872879372546e-09
-4.519592432689809757e-09
-3.570068809583633397e-09
-2.674391465099526492e-09
-1.874791122636854428e-09
-1.206640410074635730e-09
-7.581925786474608093e-10
-4.698473119112651150e-10
-2.156744451414628682e-10
-9.285855805675381599e-11
-7.443432454465885012e-06
-6.160528277688795876e-06
-4.876509079111288513e-06
-3.757512026538619171e-06
-2.918905902046822857e-06
-2.322064275790342592e-06
-1.876970076165680137e-06
-1.582289055301589127e-06
-1.367728466501453219e-06
-1.174602913677865673e-06
-9.960528447706817370e-07
-8.185290378834924866e-07
-6.417825542017447924e-07
-4.763002472878823511e-07
-3.302572389883200880e-07
-2.073518058613707238e-07
-1.378754581942207398e-07
-7.857839133849974312e-08
-3.562918572576218507e-08
-1.527742324541045306e-08
-3.316788134201587761e-05
-2.709962882887004395e-05
-2.131328782193271066e-05
-1.644672569624002674e-05
-1.292128575222024492e-05
-1.046774890809763889e-05
-8.618674486674853327e-06
-7.381453296627593350e-06
-6.441814477833416672e-06
-5.543745095426315668e-06
-4.683594357397425426e-06
-3.817242486682368703e-06
-2.957638688902702929e-06
-2.163272013588301775e-06
-1.473706541565109974e-06
-8.818319642093028800e-07
-6.345288456993461327e-07
-3.218059724743037693e-07
-1.433140097471971855e-07
-6.105946650024687288e-08
3.371109268819570399e-04
2.779400810805136260e-04
2.195744823939037348e-04
1.692441320658530802e-04
1.318911593102176343e-04
1.054747860928261139e-04
8.572324802315335840e-05
7.260916147908647261e-05
6.294774865431446446e-05
5.409485103139418727e-05
4.582269286971483177e-05
3.756356413557322937e-05
2.935016771531384063e-05
2.168817267871550687e-05
1.496097052763086920e-05
9.266591951855787516e-06
6.311053195128235030e-06
3.473338766278161036e-06
1.566914121872687947e-06
6.702769182583455593e-07
9.555978970204372916e-04
7.855072789343940957e-04
6.197635894514537478e-04
4.780435899700211230e-04
3.737192369047118894e-04
3.003158755931053994e-04
2.452414159747675899e-04
2.085606201157215987e-04
1.812286788952990478e-04
1.557991287836390029e-04
1.318270252018065942e-04
1.078224200061030699e-04
8.397941584047298067e-05
6.182014159634975864e-05
4.244980962747963495e-05
2.595163388420946822e-05
1.797736536298511325e-05
9.650387588423374428e-06
4.336690189799184275e-06
1.852410493401479102e-06
1.483036456845651229e-03
1.218317886530770897e-03
9.609954287238285436e-04
7.413783754240411408e-04
5.799914064359253585e-04
4.665597051258900396e-04
3.813888560270984099e-04
3.246216076939382284e-04
2.822151150944443316e-04
2.426291376121100590e-04
2.052504127234629650e-04
1.677948611293446975e-04
1.305998689588534821e-04
9.605872952317672528e-05
6.589674143100526229e-05
4.017271515927315836e-05
2.792432836066407044e-05
1.491225137962617615e-05
6.695971158266245024e-06
2.858843837108372933e-06
2.051294643622474274e-03
1.684606592012729588e-03
1.328647675297683732e-03
1.025092689211247118e-03
8.022246877526030594e-04
6.456524946053194061e-04
5.280498123047382836e-04
4.496273051151566881e-04
3.909814449541625884e-04
3.361595210406231275e-04
2.843309255248138625e-04
2.323906778123308015e-04
1.808191677278147419e-04
1.329452775640825937e-04
9.115806597003554292e-05
5.549727500937790800e-05
3.864130117761865679e-05
2.058407166757585347e-05
9.238848156710961494e-06
3.943758187283385341e-06
-8.768493953515491460e-21
-7.605684704386452041e-21
-6.231520156263667105e-21
-4.869770966773928404e-21
-3.730939068839347387e-21
-2.856201906397178903e-21
-2.198410006259080927e-21
-1.760219718065891400e-21
-1.464126219026937392e-21
-1.236463879866236096e-21
-1.051351825357285312e-21
-8.805277429618671611e-22
-7.126826460605916059e-22
-5.511266418864878977e-22
-4.017302372001772335e-22
-2.731308321364942641e-22
-1.614992973964652321e-22
-1.168863701676415341e-22
-5.913737960458635254e-23
-2.636655841242932997e-23
-8.562463203936795114e-10
-7.109679152424312248e-10
-5.636887452903831370e-10
-4.341320769790267916e-10
-3.362487560499629317e-10
-2.662678123975646178e-10
-2.142195736953915513e-10
-1.798153282322554075e-10
-1.550437987392300623e-10
-1.330986798715826124e-10
-1.129771687192527622e-10
-9.304258906803487948e-11
-7.318741159441279559e-11
-5.452492024659749394e-11
-3.797832362109029706e-11
-2.414037727671408203e-11
-1.573358264711328386e-11
-9.223829611097274615e-12
-4.198522884304124511e-12
-1.803204244639886049e-12
-1.200662927034405508e-06
-9.846735862208157458e-07
-7.759930933038760333e-07
-5.987408383700882781e-07
-4.691059308174990817e-07
-3.782180617107994654e-07
-3.098986841156202948e-07
-2.643234616722200991e-07
-2.300506033161348137e-07
-1.978592702031885912e-07
-1.672989713459661823e-07
-1.366285109912837382e-07
-1.061853065105098865e-07
-7.795624808180288155e-08
-5.336004536512495425e-08
-3.231473214184116193e-08
-2.271021733208936442e-08
-1.194094234916730524e-08
-5.348437977591364504e-09
-2.281322074450408356e-09
-2.893489662165781771e-05
-2.359430353755584335e-05
-1.855846889155183114e-05
-1.435277830838407663e-05
-1.132899689306231021e-05
-9.231866692684952721e-06
-7.639953750734235113e-06
-6.567902401244779780e-06
-5.741663131252016653e-06
-4.939595369222113780e-06
-4.165726104963109941e-06
-3.385540198666232014e-06
-2.613629371467152415e-06
-1.903501868500972414e-06
-1.290235366912928633e-06
-7.589042045285553911e-07
-5.488367547682891256e-07
-2.760272855127646449e-07
-1.226266221779300260e-07
-5.214016962643057471e-08
9.629216613646483412e-05
7.886832861219223085e-05
6.210444155661750982e-05
4.790647210808054643e-05
3.755000045129629264e-05
3.030843011941094893e-05
2.486409470564685307e-05
2.122972013706263882e-05
1.849362621625087895e-05
1.590956828874626425e-05
1.345142235011608973e-05
1.098127742945546695e-05
8.528659261419324188e-06
6.255801025379071073e-06
4.277129208037430555e-06
2.572146236401725616e-06
1.829473258210614103e-06
9.504031283466379152e-07
4.252139709413216196e-07
1.814070037676933186e-07
6.772724696604829524e-04
5.517169864643806142e-04
4.339315244049766129e-04
3.359151796128925912e-04
2.657080620368804319e-04
2.171078847987909768e-04
1.800921854708127494e-04
1.550940727333613694e-04
1.357007870459088516e-04
1.167313250258526991e-04
9.836815018190296926e-05
7.983930056676097982e-05
6.153359004557309238e-05
4.472756322648343088e-05
3.024339628032009041e-05
1.770280263021169106e-05
1.281633233313987297e-05
6.405075102690032411e-06
2.841312596738939437e-06
1.206405311008201078e-06
1.235870841127108960e-03
1.006006479849937607e-03
7.911612988042977888e-04
6.128197315328138325e-04
4.854355952591324483e-04
3.973763306521764407e-04
3.301646625162316866e-04
2.846803829842101466e-04
2.492341618074941402e-04
2.143844126607880268e-04
1.805685906210305542e-04
1.464313429540238303e-04
1.127269018252399102e-04
8.182756175437739111e-05
5.523660629800814127e-05
3.223158560480212130e-05
2.336515954020314530e-05
1.161561540353255278e-05
5.144950743409645057e-06
2.182977965280810169e-06
1.827835089080098643e-03
1.487476285807252377e-03
1.169763609809077896e-03
9.062772396922417865e-04
7.182469612325927295e-04
5.883392649800773828e-04
4.891005273412844800e-04
4.219129196926474866e-04
3.694550136652472979e-04
3.177964339846180630e-04
2.676199702001438299e-04
2.169587815631704160e-04
1.669546300471136575e-04
1.211328033086566324e-04
8.172175257485239728e-05
4.763093697395814094e-05
3.454430050455147255e-05
1.714142249140293385e-05
7.589686949630494407e-06
3.219113151811740658e-06
4.367162848347164172e-01
3.545391975419762143e-01
2.786123782253323578e-01
2.122014649364467598e-01
1.572202498357741507e-01
1.150418134614160509e-01
8.518776670153364872e-02
6.463978649505830454e-02
5.037629774449433467e-02
3.991531953835824459e-02
3.146337020327027306e-02
2.424882647050627393e-02
1.800244661365939594e-02
1.268965580338339734e-02
8.378028590410702137e-03
5.087840905420698209e-03
2.769305216509578612e-03
1.295397467768604448e-03
4.894621997402470986e-04
1.987611776338719569e-04
3.452407880825530961e-01
2.714535953932221690e-01
2.070556233951004466e-01
1.545074968634368440e-01
1.140746721592989371e-01
8.507570917579558578e-02
6.536103694239152329e-02
5.138086626827909065e-02
4.082796609506555985e-02
3.234560102810369459e-02
2.501444326160846832e-02
1.861478199881925685e-02
1.316102053282492898e-02
8.704631565550015673e-03
5.295910677492590701e-03
2.886284368179108540e-03
1.348690327222004746e-03
4.999985588443347194e-04
2.158504267581663641e-04
-1.438209758550770725e-04
2.828770636821728579e-01
2.176059558395788407e-01
1.635996815872425569e-01
1.220591184365053816e-01
9.161389452568444169e-02
7.027378926751458310e-02
5.552216068723618558e-02
4.433896438768881315e-02
3.525343621635779884e-02
2.757158229074733666e-02
2.079829002286674722e-02
1.494040125915304523e-02
1.009078038098958768e-02
6.292978731375243641e-03
3.545727097427931861e-03
1.736728729555951558e-03
6.888040346748053452e-04
2.423365458820099560e-04
-5.503091791881077849e-05
-1.798682033557560825e-04
2.376244134043998812e-01
1.806186664711029455e-01
1.356097869693953795e-01
1.024917482823859555e-01
7.870195856708309123e-02
6.179927357221359774e-02
4.962265750043554774e-02
3.979617735792093797e-02
3.140919492936410096e-02
2.415885065087107486e-02
1.777246106278295226e-02
1.235012742282890624e-02
7.997667444892747612e-03
4.722321094385258967e-03
2.472414102410297292e-03
1.086593476930643263e-03
3.644227176240883424e-04
1.784383681856850125e-04
-2.068656351091773319e-04
-1.340442597950398842e-04
2.043233268342002362e-01
1.547784600588814896e-01
1.171117220260335795e-01
9.013603851920586052e-02
7.066780790294703574e-02
5.638185816390205857e-02
4.563417353654179026e-02
3.652334129845601074e-02
2.851789832897354271e-02
2.155923856291867835e-02
1.548639829717793001e-02
1.043633654425725824e-02
6.501199253917774000e-03
3.647125410046772338e-03
1.777915759342702786e-03
6.982526356916041827e-04
2.328252440441257089e-04
-6.762012302255506727e-05
-1.907028506869889821e-04
-1.004363148478558610e-04
1.822644948709928048e-01
1.385065733640304941e-01
1.061215229561413009e-01
8.317325630376132262e-02
6.626799973116628828e-02
5.339326883216241604e-02
4.332748104907630654e-02
3.449251701925287045e-02
2.661214529458370490e-02
1.978281691253742924e-02
1.389758030198159043e-02
9.104471989565581652e-03
5.471294399355947427e-03
2.924295810582073184e-03
1.328470779149341181e-03
4.646748106019023771e-04
2.295108300225602756e-04
-2.098318417589106798e-04
-1.592549736615038296e-04
-7.835488572254617164e-05
1.631404925099239345e-01
1.249498165747147255e-01
9.712998644149388461e-02
7.736713400778214011e-02
6.238881731271283398e-02
5.055395507647782172e-02
4.100036281172570601e-02
3.241563717229819369e-02
2.471084032457216556e-02
1.807878455597034320e-02
1.244105428399950967e-02
7.939717364845015959e-03
4.614573628261549841e-03
2.354976663058330841e-03
9.971090658746030108e-04
3.153757568132823535e-04
1.396845351661010499e-04
-2.263729009832259542e-04
-1.313693997497713932e-04
-6.098711373461914565e-05
1.504252176398093443e-01
1.164354597948387554e-01
9.181856395658907766e-02
7.413320233053667663e-02
6.030310900243831401e-02
4.899639723303181316e-02
3.963812404726145544e-02
3.110363963395865877e-02
2.343447811196251382e-02
1.689010570245063486e-02
1.140331080015892853e-02
7.103358782217298467e-03
4.000951186075574206e-03
1.952816435133667393e-03
7.702428250205520677e-04
2.417608125535503940e-04
-5.203492224940128798e-05
-2.113603498280655049e-04
-1.117138359370965138e-04
-5.036864648945754474e-05
1.406786953654838024e-01
1.101578905730622587e-01
8.800507148190372941e-02
7.183316152625575379e-02
5.877934068907682968e-02
4.778564547288463582e-02
3.852057431426366557e-02
2.999455702340286800e-02
2.234644825551731703e-02
1.588217072677627906e-02
1.053483162106461091e-02
6.416486214484128266e-03
3.509404914693260193e-03
1.640312996225680615e-03
6.024739163621579919e-04
2.323829207694354953e-04
-1.854809818539877549e-04
-1.906564640917600970e-04
-9.639106412834702066e-05
-4.291460430406723859e-05
1.331945960342888757e-01
1.054976389791400654e-01
8.524219756069283116e-02
7.017383019609321759e-02
5.763856432093248522e-02
4.681856157050733047e-02
3.758125236362949012e-02
2.904110572907489876e-02
2.140715199753297562e-02
1.501854745924446205e-02
9.799558756511736815e-03
5.844579876687436976e-03
3.108702710545598134e-03
1.392890155736390941e-03
4.766644409487010166e-04
2.510691571752886580e-04
-2.417150227777831715e-04
-1.715797812417583698e-04
-8.397014173457832199e-05
-3.678825026195834037e-05
