5.000000000000000000e+01 1.146738061732904823e+00
1.000000000000000000e+02 7.445620039465170037e-02
1.500000000000000000e+02 2.449079782298024463e-02
2.000000000000000000e+02 6.343946488006644256e-03
2.500000000000000000e+02 2.269619350610026752e-03
3.000000000000000000e+02 1.830278615945880741e-03
3.500000000000000000e+02 7.387687857176149925e-04
4.000000000000000000e+02 6.830432517982244550e-04
4.500000000000000000e+02 2.996126235440434832e-04
5.000000000000000000e+02 3.607178327689136515e-04
5.500000000000000000e+02 1.938459714408383866e-04
6.000000000000000000e+02 1.979954844396649414e-04
6.500000000000000000e+02 7.948304714784282438e-05
7.000000000000000000e+02 3.150494276377696629e-05
7.500000000000000000e+02 1.958351347812621105e-05
8.000000000000000000e+02 2.108925310025036383e-05
8.500000000000000000e+02 3.058114483169000050e-05
9.000000000000000000e+02 3.297107144245785233e-05
9.500000000000000000e+02 5.403515659956515689e-05
1.000000000000000000e+03 2.304429129599152071e-05
