5.000000000000000000e+01 2.346955742344376816e-01
1.000000000000000000e+02 1.380764465545149776e-02
1.500000000000000000e+02 3.019258779257449291e-03
2.000000000000000000e+02 9.182844731277227694e-04
2.500000000000000000e+02 4.090552690169534274e-04
3.000000000000000000e+02 1.607685713107840980e-04
3.500000000000000000e+02 8.711781501215059512e-05
4.000000000000000000e+02 5.191989113420206322e-05
4.500000000000000000e+02 3.032278888372315950e-05
5.000000000000000000e+02 2.059467913916368845e-05
5.500000000000000000e+02 1.664832169129074611e-05
6.000000000000000000e+02 1.017443496846222350e-05
6.500000000000000000e+02 8.108617943702512332e-06
7.000000000000000000e+02 6.793218681761306362e-06
7.500000000000000000e+02 5.125420259395837971e-06
8.000000000000000000e+02 3.395833325023748083e-06
8.500000000000000000e+02 2.376064281151511669e-06
9.000000000000000000e+02 1.807339443506891701e-06
9.500000000000000000e+02 1.611511183456795298e-06
1.000000000000000000e+03 1.289921865201610294e-06
