5.000000000000000000e-01 6.629592410305416905e+00
5.526315789473683626e-01 1.238068035303222292e+00
6.052631578947368363e-01 2.541664585900988982e-01
6.578947368421053099e-01 6.453446784212960030e-02
7.105263157894736725e-01 2.301157240408673033e-02
7.631578947368420351e-01 5.972662214092394097e-03
8.157894736842105088e-01 2.766647765259246713e-03
8.684210526315789824e-01 2.167117574508646907e-03
9.210526315789473450e-01 2.354376577662250971e-03
9.736842105263157077e-01 1.120017794568719258e-03
1.026315789473684070e+00 1.996142288270311117e-04
1.078947368421052655e+00 1.757945591404119540e-04
1.131578947368421018e+00 2.540781862416978745e-04
1.184210526315789380e+00 2.225223336570058142e-04
1.236842105263157965e+00 1.455090624106515629e-04
1.289473684210526327e+00 1.290344709780835307e-04
1.342105263157894690e+00 1.296759914726774716e-04
1.394736842105263053e+00 7.563368705993873985e-05
1.447368421052631415e+00 1.817029106889073107e-05
1.500000000000000000e+00 1.224793855919496230e-05
