# firecrown_theory
3.122327990829457687e-09
2.334230849594825404e-09
1.705977025993940244e-09
1.223010024094137250e-09
8.725194405536501709e-10
6.270253093845877044e-10
4.542143403485284918e-10
3.332970053275177934e-10
2.470373912858066249e-10
1.838952415655838573e-10
1.363027812444342297e-10
9.970002828814853974e-11
7.138433716583027996e-11
4.971403648582211388e-11
3.353286529273756343e-11
2.186705282952508046e-11
1.379022147042482144e-11
8.432805581981687261e-12
5.020209664041015145e-12
2.923117547889689761e-12
5.435072684223871111e-09
4.121355645507280361e-09
3.060128292046464162e-09
2.215526272763155301e-09
1.570473813832641766e-09
1.115027347663045619e-09
8.004404493420045173e-10
5.790539782581199932e-10
4.259771079580707025e-10
3.161440382349982619e-10
2.357386646105706604e-10
1.747120243928936161e-10
1.275088592650894416e-10
9.089148785954309230e-11
6.287295886035982209e-11
4.204014572417204744e-11
2.712713463128901259e-11
1.690930498543217560e-11
1.021544712432818638e-11
6.010521396463381335e-12
6.019154957595749517e-09
4.564936561012078781e-09
3.394335878015741709e-09
2.461235813304053657e-09
1.739878699762911210e-09
1.228751679156895705e-09
8.812185945302958597e-10
6.360980500166809288e-10
4.673031575036843480e-10
3.472815441697654061e-10
2.594329170989596490e-10
1.928682392919674334e-10
1.412829489274163409e-10
1.010985218616464348e-10
7.018152530264043347e-11
4.705490109502858998e-11
3.040991123627181362e-11
1.895634533840293452e-11
1.143540291260542513e-11
6.710568216858566441e-12
6.374457582180327639e-09
4.834979517061998102e-09
3.597776154980220346e-09
2.610791965863186754e-09
1.843077481314636650e-09
1.298124650524166667e-09
9.304184466340094586e-10
6.708606851003754191e-10
4.925842751933744443e-10
3.661918607164374834e-10
2.738515653153761359e-10
2.039143083460477803e-10
1.496625287367560606e-10
1.073089418569854858e-10
7.462913837754256204e-11
5.010857272859586840e-11
3.241028331986290690e-11
2.020479634328707068e-11
1.218013691978982770e-11
7.138329452877909201e-12
6.681757996372083106e-09
5.068503058193932202e-09
3.773748169980348709e-09
2.740163833301564109e-09
1.932362866450222953e-09
1.358142970585301857e-09
9.729868132059909856e-10
7.009370604515323516e-10
5.144547738243963230e-10
3.825517975803443957e-10
2.863250120168394047e-10
2.134696644955461986e-10
1.569145905838929950e-10
1.126809599035659050e-10
7.847634912793748156e-11
5.275009066936971785e-11
3.414075833048402840e-11
2.128488978221469764e-11
1.282451358749798607e-11
7.508497005917063694e-12
1.392487658774400499e-08
1.097243517471492535e-08
8.418211914986821336e-09
6.325445151673161401e-09
4.629554316193673626e-09
3.290876429868051181e-09
2.322244144752925901e-09
1.648997737412928999e-09
1.176227006834441730e-09
8.518744735940695013e-10
6.250979257912691893e-10
4.628372675069418587e-10
3.429551492176269623e-10
2.518909022935190555e-10
1.817229283219250757e-10
1.278110632059650214e-10
8.716575927495729998e-11
5.746675642360033340e-11
3.660184080777032579e-11
2.255974383672026146e-11
1.777488545653113628e-08
1.418939680103172878e-08
1.098152001396395805e-08
8.318940909436065419e-09
6.159122119398498722e-09
4.416506482421893965e-09
3.105321580448795725e-09
2.196848757198152504e-09
1.557903930089138739e-09
1.118433717309574441e-09
8.146822202172089306e-10
6.006041028100850917e-10
4.449082092540227313e-10
3.281142837464776559e-10
2.386232353594033964e-10
1.697123183223887405e-10
1.172896616901181238e-10
7.844315945291432778e-11
5.068040061528071259e-11
3.165015478652126715e-11
2.002919840661794842e-08
1.606308628321311296e-08
1.246702747318616180e-08
9.469985169499091351e-09
7.039932310678668046e-09
5.062612029732266762e-09
3.552519086605248213e-09
2.508107366985172346e-09
1.775618983713900248e-09
1.270087581245715680e-09
9.230586685125835561e-10
6.796299960230790442e-10
5.036017068490644905e-10
3.721235770082509136e-10
2.715267352037567901e-10
1.939431416652344184e-10
1.346840485304784533e-10
9.052116835097602017e-11
5.875364879777049327e-11
3.683636356796549210e-11
2.197926934171458855e-08
1.768403733577458050e-08
1.375228003332768714e-08
1.046587861128602603e-08
7.802007885184869505e-09
5.621670891197382111e-09
3.939509998341406274e-09
2.777459620787490837e-09
1.963992823086335053e-09
1.401325227922257140e-09
1.016831158381149939e-09
7.480015224427971635e-10
5.543813291701220885e-10
4.101980894780038086e-10
2.999929317520418343e-10
2.149065544787608153e-10
1.497333845028001825e-10
1.009714171192243579e-10
6.573933944011337147e-11
4.132430171847930949e-11
2.590386268595159705e-08
2.138017927518364802e-08
1.696861022148626731e-08
1.307649401135597823e-08
9.863328707369642518e-09
7.261419468358334189e-09
5.180248228414327800e-09
3.634176253020831751e-09
2.564234632683967091e-09
1.810846797121801919e-09
1.296128321040974864e-09
9.398231313003589962e-10
6.890701748236224841e-10
5.072705741381402788e-10
3.715306623671093115e-10
2.683413156202930129e-10
1.896313431069706367e-10
1.303498634518769549e-10
8.682841206538023922e-11
5.595689682239842103e-11
3.132860050854925130e-08
2.625561050914111032e-08
2.109508203593020221e-08
1.639344435161930380e-08
1.245097487541790485e-08
9.253924606042362932e-09
6.663658554641465592e-09
4.672300959372178416e-09
3.283860827700754755e-09
2.310906163763730198e-09
1.640174550359998242e-09
1.180609405087108174e-09
8.608457494589473339e-10
6.321674036387125052e-10
4.636697739853332076e-10
3.365636872113976777e-10
2.397556469964151370e-10
1.665100206032991785e-10
1.122274367242561344e-10
7.322360867032685937e-11
3.596120271677165963e-08
3.041041188360073038e-08
2.460325107002684347e-08
1.920700056501574072e-08
1.464272223152818752e-08
1.094018702142212572e-08
7.917144854763928069e-09
5.547331379779497697e-09
3.889488859562731923e-09
2.732155917461116581e-09
1.929695808198698632e-09
1.383676591679369616e-09
1.005915565053809721e-09
7.378478454259314340e-10
5.417336836028103914e-10
3.944185556086382987e-10
2.822792235876499456e-10
1.971787209584231780e-10
1.337489582881694172e-10
8.783527821116230990e-11
4.089370159943466468e-08
3.528461273144320164e-08
2.912448906715444988e-08
2.311258192005678791e-08
1.780447298120659252e-08
1.341940290286980583e-08
9.866565128082614983e-09
7.022318170192639734e-09
4.905334544529193546e-09
3.440589494418163567e-09
2.411358681423856747e-09
1.710417873155572852e-09
1.228230911914483397e-09
8.920166612547286581e-10
6.510630171585635976e-10
4.735867036518404817e-10
3.403678035748491035e-10
2.398818264304899782e-10
1.648313782006944845e-10
1.100053188360615097e-10
4.968672984171783186e-08
4.366376920560723136e-08
3.666167091467497516e-08
2.949755642881220095e-08
2.294034218121979279e-08
1.742685301207117301e-08
1.295078690442071081e-08
9.316338470527044451e-09
6.508062962750332849e-09
4.546313910294109479e-09
3.173978960566286765e-09
2.229672086595944383e-09
1.586661658975275764e-09
1.143681407115654290e-09
8.311103054319257482e-10
6.043877521424206630e-10
4.360316638777062803e-10
3.095789040017739593e-10
2.149038059113405224e-10
1.451827695519555978e-10
6.544700433423769713e-08
5.943627465992841663e-08
5.164683114756409946e-08
4.291868557737983401e-08
3.424912468570230508e-08
2.648239908070171252e-08
2.000941600399201761e-08
1.474974660254943518e-08
1.051563254946172462e-08
7.317054298198630792e-09
5.087954400317146991e-09
3.527937279803312168e-09
2.464129628901586508e-09
1.740005533710489051e-09
1.242592738577256741e-09
8.935057956680736961e-10
6.424346409457592425e-10
4.582582676377529862e-10
3.219581039355498443e-10
2.215057206455292723e-10
1.744026468261838034e-07
1.380046848556063128e-07
1.110115436235037566e-07
8.533512910108200777e-08
5.930362761232433593e-08
4.199750716185941499e-08
2.912353353217054472e-08
2.019629200257074641e-08
1.417331056417915070e-08
1.019534928383182036e-08
7.536210506440452783e-09
5.696391801800475409e-09
4.350770324189248394e-09
3.306752720730171869e-09
2.463701452319941485e-09
1.776921561620833550e-09
1.229844881199626324e-09
8.138161343396956691e-10
5.157717367094005237e-10
3.148244751339038261e-10
6.780891091619305737e-07
5.380586890782817767e-07
4.305111279746902558e-07
3.390279479241033665e-07
2.411982323543919757e-07
1.684620131807813262e-07
1.183909851859132926e-07
8.143880911690859997e-08
5.686039372703667861e-08
4.050871149784158269e-08
2.963882506346204309e-08
2.223045591713174026e-08
1.692168311837295277e-08
1.288291054695616632e-08
9.661576287333670835e-09
7.042268270255740534e-09
4.939555829263335369e-09
3.315794830144345904e-09
2.130091889359204247e-09
1.315271649996385486e-09
8.636950140651317550e-07
6.859039136169065636e-07
5.482427830144034526e-07
4.330779449274417491e-07
3.094782880250680718e-07
2.156897818755105861e-07
1.519040100507071424e-07
1.043659497120529630e-07
7.281756164133072435e-08
5.179875849229663596e-08
3.784034657447169222e-08
2.834195317334578716e-08
2.156045624355542246e-08
1.641749586980601666e-08
1.232288604870164885e-08
8.996294309004216125e-09
6.322909373961995289e-09
4.253996238975164780e-09
2.738673544244289434e-09
1.694186926971816570e-09
9.758368722383160720e-07
7.752293763403325975e-07
6.194020919420973765e-07
4.899049276390446870e-07
3.507269332652383715e-07
2.442295633680396936e-07
1.721363252546739433e-07
1.182088410943339027e-07
8.245582175721151533e-08
5.861711367984510867e-08
4.278948862666700637e-08
3.203830876197025678e-08
2.436567795778620513e-08
1.855191628049158491e-08
1.393089113369908917e-08
1.017757821632956745e-08
7.158626100467982104e-09
4.820685657871100487e-09
3.106216883757640203e-09
1.922987448569992293e-09
1.072806702943845514e-06
8.524697568884877699e-07
6.808939082922718347e-07
5.390424356405299477e-07
3.863942880351082432e-07
2.689010411635807465e-07
1.896320361710403954e-07
1.301813631936476527e-07
9.079007132681254894e-08
6.451397054674023430e-08
4.707195445659727074e-08
3.522740081944905149e-08
2.678559527915378543e-08
2.039814955814980586e-08
1.532119673713105262e-08
1.119765799923880417e-08
7.881291488159415608e-09
5.310732122096684328e-09
3.424031797794712466e-09
2.120789026279065011e-09
2.371662655457330537e-08
1.863773118288674308e-08
1.451268173673187503e-08
1.200770990992979625e-08
8.989166786817065933e-09
5.735454649271739346e-09
4.346969067073956661e-09
2.815078835238740499e-09
2.001295116316237460e-09
1.404661784299360420e-09
1.016281930027613817e-09
7.582848558877882480e-10
5.778642105251566492e-10
4.431572757425336776e-10
3.364146812344074104e-10
2.490295417431791597e-10
1.775593832541367073e-10
1.208984580243659934e-10
7.838738068269304581e-11
4.859327568052708701e-11
4.252216709364237371e-07
3.553694888802708716e-07
2.800183483200077024e-07
2.240213118231362763e-07
1.798395550413627908e-07
1.265228524275211063e-07
8.821353973278180179e-08
6.180301078703308800e-08
4.226890590145241099e-08
2.915700745582582067e-08
2.054624930401556073e-08
1.486737509301490029e-08
1.104689715023815264e-08
8.356575225549682024e-09
6.345942207876307899e-09
4.764087072673639452e-09
3.487382493731841189e-09
2.462012737445555907e-09
1.664993756705815927e-09
1.076795771671343677e-09
6.616389020101085191e-07
5.562435617532235290e-07
4.392727591989493431e-07
3.504245741607959762e-07
2.823293511602022952e-07
2.007015443764201511e-07
1.390027253643269750e-07
9.799058993649168194e-08
6.677939569986575920e-08
4.604475647506869346e-08
3.237475306230118016e-08
2.336129982297245615e-08
1.731655708108637459e-08
1.307943865174012916e-08
9.929834018190678011e-09
7.461951729802348416e-09
5.473548846686974587e-09
3.875875043499950364e-09
2.630383193820789138e-09
1.707210451473724087e-09
8.012551908386753111e-07
6.747784809176274820e-07
5.332172421519450124e-07
4.249786238200477139e-07
3.427886105980499960e-07
2.443806163318484304e-07
1.689441422758710005e-07
1.193035799371682665e-07
8.122167903826971409e-08
5.600004755991313391e-08
3.934806094944978735e-08
2.837087000801666192e-08
2.101484331447685311e-08
1.586628918120099458e-08
1.204462781389170773e-08
9.053856115590953300e-09
6.645262693570882925e-09
4.709619534486967916e-09
3.199408102538120197e-09
2.078641002219816182e-09
9.219823321078274962e-07
7.772768023399736957e-07
6.144151998303801408e-07
4.894617284890210371e-07
3.950686238875617113e-07
2.821587557874178323e-07
1.948450534436042329e-07
1.377343677265020007e-07
9.372065213335279501e-08
6.460609079031432262e-08
4.537792102334554065e-08
3.270262541330052306e-08
2.421303242372920142e-08
1.827611685865163690e-08
1.387347660893159113e-08
1.043044176727922806e-08
7.658449609075575081e-09
5.430442901516030374e-09
3.691516614030358624e-09
2.399919519215257116e-09
-1.148635782183414462e-08
-1.050099274202341732e-08
-8.732915027370086836e-09
-6.805539791128540447e-09
-5.463565651348106540e-09
-4.469572011901970673e-09
-3.026960813736370017e-09
-2.160028471136970550e-09
-1.463513929816724463e-09
-1.014111376387900449e-09
-6.901591950225032985e-10
-4.803640526092049977e-10
-3.440623924021063866e-10
-2.534598732712021181e-10
-1.904825707071485840e-10
-1.440793989066113900e-10
-1.080202559528118515e-10
-7.916203629930249660e-11
-5.607169984297530172e-11
-3.808129858177305512e-11
1.952418045421935974e-07
1.749179051559497286e-07
1.432998994508540090e-07
1.119719263693889123e-07
9.062732588421611458e-08
7.181931660104220233e-08
4.838258898576300591e-08
3.482070837332550075e-08
2.347330650728238024e-08
1.621424777099913876e-08
1.112439962595921317e-08
7.807991773039902674e-09
5.638014167866748162e-09
4.179574560201687228e-09
3.151339010532265839e-09
2.382271525661859835e-09
1.778631284061040739e-09
1.294100724111862930e-09
9.082068049299241999e-10
6.105639974559195258e-10
4.587246315757635897e-07
4.154999881999839406e-07
3.438737520354010270e-07
2.692022750502028974e-07
2.164762534981764228e-07
1.735881422516131400e-07
1.188537826042379443e-07
8.415782933317600922e-08
5.761542463051413340e-08
3.957870724996303833e-08
2.704471369028930794e-08
1.890633471656863927e-08
1.358202865375374942e-08
1.002458790785966811e-08
7.537772621993688294e-09
5.695381510376718460e-09
4.259459738349512226e-09
3.110678638515122701e-09
2.194407200682026970e-09
1.484751135184338912e-09
6.121503142995255803e-07
5.556748358411839877e-07
4.609005723838594646e-07
3.609183144308301304e-07
2.898625668105851926e-07
2.329274536761761388e-07
1.600325559271229976e-07
1.129452109010330089e-07
7.756319944596940959e-08
5.321450182157375089e-08
3.633796704884087623e-08
2.538369623052242524e-08
1.821702231638746944e-08
1.343345924535939788e-08
1.009545545449671345e-08
7.626997428441897530e-09
5.705876184301251184e-09
4.169960382664852897e-09
2.944878364520016378e-09
1.994845949849929113e-09
7.447563747305556289e-07
6.768031388574529082e-07
5.618750837826944458e-07
4.401739340696335531e-07
3.532750449514505825e-07
2.842071295540541934e-07
1.955941917498809969e-07
1.378209141484497564e-07
9.479885419183431509e-08
6.499706020537355612e-08
4.436812882011703780e-08
3.097944772965084602e-08
2.222487996520559412e-08
1.637953249990160518e-08
1.230563934678349445e-08
9.296125838226657849e-09
6.955779794635854167e-09
5.085314650464753829e-09
3.593195895041652239e-09
2.435622377740663448e-09
-4.797417299852592001e-09
-4.526125780198012337e-09
-3.897814056648823019e-09
-3.092853411665244251e-09
-2.428431447231977088e-09
-2.001102720000103155e-09
-1.476216050827658183e-09
-9.803261117605570561e-10
-7.159931175499597516e-10
-4.757383609363887064e-10
-3.226287778478983978e-10
-2.228710279684873661e-10
-1.572650725241086821e-10
-1.140770059969732546e-10
-8.478041462706013176e-11
-6.383039951119843781e-11
-4.796197055889737779e-11
-3.545839266130364991e-11
-2.547684185463592059e-11
-1.762573917863128241e-11
5.297967584388739865e-08
4.984483884521567310e-08
4.278867615854118447e-08
3.388249701169891618e-08
2.661801766278359034e-08
2.194787746943553216e-08
1.609716975380110220e-08
1.069257035490678383e-08
7.812553968290195316e-09
5.186562504668510490e-09
3.515721828797081712e-09
2.432786453798909203e-09
1.719976453655001343e-09
1.249661474813188144e-09
9.299390845436320009e-10
7.005837898330100215e-10
5.264707470460628356e-10
3.889763086216168198e-10
2.791480890060572260e-10
1.928050305647751065e-10
2.920508986570796675e-07
2.797950580230781773e-07
2.452971299526798405e-07
1.971946446470534370e-07
1.540632920379781201e-07
1.261637353964384538e-07
9.657676275517402612e-08
6.370869936153912409e-08
4.677159180050720972e-08
3.075752165588250527e-08
2.104058420142766683e-08
1.442951286129053252e-08
1.009323474280376459e-08
7.259318730141337911e-09
5.356491947983545196e-09
4.017172072828332773e-09
3.017733047199760176e-09
2.238765151613207148e-09
1.618974356920455412e-09
1.130118407095523581e-09
4.515849373533073286e-07
4.338173428803427256e-07
3.815520088047617186e-07
3.074770720523805348e-07
2.400952643588911007e-07
1.963450186794457727e-07
1.511702819357014513e-07
9.977869662678485158e-08
7.315507347347263295e-08
4.813243799058956103e-08
3.296178354230862381e-08
2.256780968177983281e-08
1.576171055449764106e-08
1.131843298670925058e-08
8.341604876893529460e-09
6.250272747204409752e-09
4.695529866079129834e-09
3.484401447419324423e-09
2.522648480062218480e-09
1.763653820572282903e-09
5.884744731353151026e-07
5.658140331418119773e-07
4.983663586855055697e-07
4.020058977631146703e-07
3.138385049110491392e-07
2.565106961152902853e-07
1.979557816656686900e-07
1.306761081572686533e-07
9.577345539424375893e-08
6.301775729545214043e-08
4.317456437026485670e-08
2.954378342916436362e-08
2.061947946077279565e-08
1.479757818413372370e-08
1.089995339188368732e-08
8.164654661798884985e-09
6.132994310958948729e-09
4.552705160482354281e-09
3.297323971897575536e-09
2.306617836431908799e-09
-6.604206040085240368e-10
-6.452049223918690507e-10
-5.786283924048783871e-10
-4.731506877947172938e-10
-3.681029069910025030e-10
-2.986262589508959990e-10
-2.381755723013630434e-10
-1.573408936116211332e-10
-1.148716956844173451e-10
-7.540825054237017754e-11
-5.210113552003520554e-11
-3.536040607463440933e-11
-2.445105597046017422e-11
-1.740053515378364016e-11
-1.272505533459645230e-11
-9.491147947268972362e-12
-7.125312963691504955e-12
-5.305433865271507569e-12
-3.866179542369844635e-12
-2.727820748092515461e-12
3.623832797364594038e-10
1.213775564606518003e-10
-1.618496580396423579e-10
-3.565872335422143118e-10
-3.271056669872621244e-10
-1.642123623896893886e-10
-2.345720414146627261e-10
-3.147869332260581859e-10
-1.047165857439794529e-10
-1.531038553129877752e-10
-8.660785428347996646e-11
-4.975416054799635735e-11
-3.007359622472459738e-11
-1.660564008307903342e-11
-9.021187531240670230e-12
-5.047194118072861973e-12
-3.241018691461802048e-12
-2.570293844729014243e-12
-2.366024323858677478e-12
-2.247889880157395950e-12
1.631399955545412197e-07
1.624993169627642099e-07
1.493135549246282918e-07
1.249732428155392245e-07
9.774475858305028698e-08
7.796320151487946821e-08
6.375758246131288367e-08
4.399451552223712349e-08
3.059442345718292477e-08
2.106602726618183100e-08
1.438887746515749790e-08
9.639729895043544248e-09
6.598624582367493318e-09
4.633857200803597175e-09
3.349258452715495392e-09
2.476745858540849178e-09
1.852902866305719409e-09
1.382173076622252289e-09
1.013979896074510609e-09
7.230560589739881312e-10
3.265127655240520332e-07
3.265055547574371859e-07
3.015071033690895023e-07
2.536627120228085332e-07
1.988292157586439199e-07
1.580719497518314877e-07
1.295910668999438794e-07
9.048060034200064949e-08
6.225896680198982384e-08
4.337207163003059612e-08
2.943753568680643401e-08
1.969870422393247412e-08
1.347006151623439784e-08
9.435771814600547759e-09
6.800919229553707320e-09
5.019378927880286484e-09
3.751080763155049571e-09
2.798391285036704617e-09
2.055163798462122489e-09
1.468627499072226732e-09
4.636388246796079486e-07
4.641285466442097771e-07
4.291726137093860435e-07
3.615862255325665277e-07
2.835970036914368124e-07
2.252613141667915030e-07
1.847984894143182634e-07
1.294389416986056661e-07
8.881425138300584014e-08
6.206417978068506154e-08
4.205170842236557871e-08
2.813238270485762604e-08
1.923139332275598342e-08
1.346279444057806972e-08
9.696206824107473547e-09
7.152004595826364196e-09
5.343255897231544724e-09
3.986250272153949493e-09
2.928504740927101540e-09
2.093938888336823642e-09
-4.459439589477604984e-11
-4.480025760285051267e-11
-4.159333951001053399e-11
-3.517299932732416274e-11
-2.758918900613402783e-11
-2.184600672430817515e-11
-1.802065219907719725e-11
-1.269253266377412286e-11
-8.626547908445660498e-12
-6.086277067327570764e-12
-4.123915491769126682e-12
-2.747387767850281336e-12
-1.875402597028825555e-12
-1.309561125791945030e-12
-9.416834119784487228e-13
-6.938643036076821967e-13
-5.185706252056463071e-13
-3.868236689294214112e-13
-2.845269560363743062e-13
-2.037989818445431764e-13
-5.765403957979623168e-09
-5.929387208049185220e-09
-5.675728704569838913e-09
-4.962465374234512897e-09
-3.969662827532148532e-09
-3.092189939106912522e-09
-2.548360349811511786e-09
-1.942017844977703859e-09
-1.256336064220103898e-09
-9.382019446543667234e-10
-6.041876832282259520e-10
-4.060095869058648070e-10
-2.758617497130885335e-10
-1.902794549017390501e-10
-1.344267724759927784e-10
-9.761329344298833805e-11
-7.226957666363702802e-11
-5.385732191662769756e-11
-3.982920215640850384e-11
-2.885754447243805645e-11
7.195597080211040563e-08
7.365295822848959690e-08
7.007750160767922769e-08
6.087201302014017857e-08
4.850633215871476155e-08
3.790156145410806762e-08
3.124777677710440623e-08
2.346364545462450658e-08
1.531340915395259001e-08
1.131962331389582082e-08
7.359809133538627473e-09
4.936768612868990253e-09
3.357231669990025227e-09
2.320511156171895476e-09
1.644982182943960856e-09
1.197870929213277129e-09
8.884110553347142727e-10
6.622755799683232937e-10
4.892946549368514066e-10
3.537313710064644416e-10
2.326636402862100133e-07
2.395364462383399421e-07
2.296390764480994809e-07
2.012871801272991644e-07
1.614765666577669271e-07
1.258801815321676473e-07
1.034022430110090954e-07
7.912502648470186265e-08
5.150282227055358378e-08
3.814466970021248354e-08
2.464949385415335061e-08
1.664057589558022714e-08
1.127169105872094856e-08
7.754954491597063592e-09
5.471660395008507042e-09
3.966759693973275761e-09
2.933046127463010019e-09
2.184102718523346178e-09
1.614944063201740390e-09
1.170565152197198633e-09
3.690985292580851692e-07
3.804218782376429789e-07
3.652839354330330273e-07
3.207041985778911279e-07
2.576513286973967759e-07
2.007828170862135577e-07
1.647940278258226386e-07
1.265531324063686199e-07
8.236311403505384741e-08
6.099234535841957157e-08
3.938627612773493889e-08
2.662219315872337026e-08
1.801783008312786143e-08
1.238407059892150331e-08
8.729718716763777042e-09
6.323044229595010861e-09
4.672369619613197554e-09
3.478590306239444218e-09
2.572390326724301978e-09
1.865481516101227908e-09
-1.284915978660658963e-12
-1.313439486079598423e-12
-1.247121120798738849e-12
-1.080072307936073968e-12
-8.578731791122167116e-13
-6.704439352088300340e-13
-5.543196303926574803e-13
-4.139352768518766476e-13
-2.685886740163268646e-13
-2.001475840865558291e-13
-1.299273986912881858e-13
-8.655962839045874929e-14
-5.909794393276315069e-14
-4.097948592588657825e-14
-2.908503786709346820e-14
-2.121898066952451152e-14
-1.575966063454273763e-14
-1.175792402757337395e-14
-8.687193379457128845e-15
-6.276528967611825806e-15
-2.082530394558444419e-09
-2.173720929786123791e-09
-2.122573251282992124e-09
-1.900879725506540251e-09
-1.550671598896578364e-09
-1.204339268594578216e-09
-9.788092738975742430e-10
-7.803835813631570172e-10
-5.092725144686431374e-10
-3.747083822630375419e-10
-2.409901811619755421e-10
-1.653082983594409780e-10
-1.107519767660772029e-10
-7.523684973292163720e-11
-5.251216800883225254e-11
-3.765792118747537182e-11
-2.763102863777549847e-11
-2.050971103505886445e-11
-1.518849141560241929e-11
-1.107329642146099907e-11
1.996903828731066457e-08
2.080844548078561165e-08
2.026757268311348600e-08
1.809338344632834305e-08
1.471446280202983064e-08
1.142100614306041587e-08
9.303297355540552008e-09
7.389775356168064826e-09
4.793893902998844751e-09
3.551649009883222951e-09
2.268266777529198888e-09
1.557887733588687420e-09
1.045938364369532310e-09
7.115548265409886528e-10
4.977778343015185413e-10
3.576745293570951513e-10
2.628390341036482044e-10
1.952791826720835525e-10
1.446304145641494196e-10
1.053815000557595105e-10
1.585974943964196176e-07
1.668507884875184832e-07
1.646388998063689075e-07
1.493783838366734851e-07
1.233631755645605260e-07
9.600035236145808104e-08
7.729607389167079564e-08
6.262873895766136653e-08
4.176848770255783318e-08
2.991525583074457524e-08
1.972637163821521168e-08
1.354441671410225405e-08
8.992639779910720257e-09
6.056442074204701890e-09
4.192035576202802261e-09
2.983548671212408313e-09
2.175870830715404968e-09
1.609599946798933337e-09
1.191589757821232926e-09
8.709719271309455078e-10
2.928773224087527814e-07
3.085553162719519523e-07
3.049869321031165417e-07
2.773453122199627235e-07
2.295697208830558825e-07
1.787451565479166956e-07
1.436828783821498307e-07
1.166899728963910914e-07
7.817012351077363954e-08
5.570222895464248579e-08
3.692358286503405114e-08
2.532704155482996542e-08
1.679225791494708773e-08
1.129730563477125668e-08
7.807585343056375127e-09
5.549226050817451995e-09
4.042398179006794083e-09
2.988338260544872705e-09
2.212066419351734387e-09
1.617415199469144542e-09
-6.292780350067028333e-15
-6.477430022352895208e-15
-6.206389569253781305e-15
-5.430474359717256543e-15
-4.342365791201569624e-15
-3.376827221461403280e-15
-2.786340662775421822e-15
-2.131561585861693258e-15
-1.366856835070353442e-15
-1.032814553620933957e-15
-6.578183164633951732e-16
-4.408268667421889837e-16
-3.003812327331050812e-16
-2.081316281899328859e-16
-1.468210872943428170e-16
-1.066218754247919365e-16
-7.895145385074598390e-17
-5.885576024270955760e-17
-4.354437412558869716e-17
-3.156391927979985152e-17
-3.657757430019971572e-10
-3.874526643087501043e-10
-3.857801755503350380e-10
-3.539631000986963902e-10
-2.954076964463737798e-10
-2.303575786366730117e-10
-1.840107995941948748e-10
-1.509582384912403535e-10
-1.026381185223984904e-10
-7.180301853398322375e-11
-4.845450289865766967e-11
-3.322204403126459014e-11
-2.189946421593108589e-11
-1.465685647494794558e-11
-1.007164010458792066e-11
-7.122185902038020784e-12
-5.166821876042839546e-12
-3.810431945880926373e-12
-2.819640348696398988e-12
-2.065338797032309290e-12
-2.958172100260359083e-11
-9.426881915207577067e-11
-1.794815703185891802e-10
-2.679830146846026794e-10
-3.171999551022367390e-10
-2.810607390088471652e-10
-1.865573915947331923e-10
-1.700390636362218552e-10
-1.994245162149003509e-10
-8.498299912739277378e-11
-1.017696041042283296e-10
-5.187641969010881075e-11
-3.221516732013468602e-11
-2.162118534299352780e-11
-1.306047903827702668e-11
-7.797574322947900142e-12
-4.743355351914624474e-12
-3.043634862245035720e-12
-2.123134124897091966e-12
-1.614572806916117541e-12
1.012076632819345431e-07
1.082578202481426276e-07
1.092106963116565416e-07
1.019031190289033756e-07
8.656731016469360193e-08
6.802254949623178206e-08
5.370676027402692626e-08
4.439367956273823726e-08
3.151583464142615732e-08
2.115300585162365324e-08
1.499259817979530120e-08
1.001587570611476582e-08
6.563808754507998180e-09
4.389991929012092580e-09
2.985186180551659209e-09
2.088072506579490316e-09
1.500195941764322230e-09
1.099109538114714102e-09
8.113583264788908453e-10
5.953679244509575686e-10
2.346497154183354364e-07
2.514427733505157670e-07
2.542707146566397491e-07
2.380026254642445508e-07
2.028856888098791846e-07
1.597185856674756795e-07
1.258607338295367162e-07
1.040729202241941190e-07
7.452263090888365655e-08
4.968439065970452565e-08
3.550645389175580636e-08
2.357156881864988782e-08
1.544964016612501550e-08
1.033317469737405729e-08
7.017418689693298495e-09
4.897372221200861087e-09
3.511428072569858285e-09
2.569038641056498025e-09
1.895242628022766290e-09
1.390904532984142921e-09
-1.984066847996610873e-18
-2.047432151216435845e-18
-1.968253326808315500e-18
-1.728783208049649417e-18
-1.386202844422384607e-18
-1.076632087531166812e-18
-8.869507690138596509e-19
-6.844355633533035470e-19
-4.377958304500082754e-19
-3.316334242649699214e-19
-2.099750217467304249e-19
-1.412125960609625890e-19
-9.605554397427651443e-20
-6.651754550351401131e-20
-4.681908472735328242e-20
-3.393995063236133695e-20
-2.509999068545716185e-20
-1.870302841658359454e-20
-1.384295409553668451e-20
-1.004579522896740816e-20
-3.832798813333874906e-11
-4.110320718073052602e-11
-4.160771537322875034e-11
-3.899278770979593425e-11
-3.326985186908225733e-11
-2.618856741487383738e-11
-2.061454795829615673e-11
-1.707512803722932114e-11
-1.225176802777773558e-11
-8.132296241458530822e-12
-5.841089045926912945e-12
-3.875950254107115321e-12
-2.534589018543490852e-12
-1.695978957716824085e-12
-1.150332306578583488e-12
-8.024212283523376767e-13
-5.752874221602416943e-13
-4.205156807814793681e-13
-3.104064426480648180e-13
-2.278881270385999779e-13
-3.214728009914330299e-09
-3.492078064677299229e-09
-3.596332531589252214e-09
-3.447005016457430918e-09
-3.016518875050746181e-09
-2.412809449637529347e-09
-1.877548494800225553e-09
-1.548886409892114294e-09
-1.181690622030627024e-09
-7.577642245065441439e-10
-5.677930162956460292e-10
-3.599776150659354522e-10
-2.379623561211176088e-10
-1.588972203220382014e-10
-1.071007197847648251e-10
-7.347698684974840635e-11
-5.187151059004302392e-11
-3.750461423613396422e-11
-2.750314539646679027e-11
-2.019263633171908086e-11
5.717016596842622655e-08
6.194579358503415007e-08
6.358842000756723510e-08
6.069068609319618617e-08
5.287384501306420049e-08
4.217601563318717930e-08
3.289176005506222104e-08
2.714484952398996744e-08
2.048696470391675686e-08
1.322852414928908315e-08
9.827703431330723156e-09
6.286424394889175712e-09
4.149712240163494093e-09
2.770781892305278503e-09
1.868715392883789092e-09
1.285967611813274159e-09
9.102199930815479894e-10
6.594758526372748235e-10
4.841105505677776676e-10
3.554118968279447977e-10
1.880887602564036102e-07
2.042980591989548537e-07
2.103765610752829921e-07
2.016511579307252261e-07
1.765512676850949844e-07
1.413510257024524875e-07
1.100773685961791224e-07
9.066849299018987945e-08
6.917729099609312151e-08
4.457383973751212081e-08
3.318525709399963508e-08
2.111409537827745325e-08
1.400222704209173545e-08
9.330092472744438063e-09
6.278646733039547681e-09
4.307779410304165318e-09
3.039424253118174309e-09
2.196443867940878611e-09
1.609861558542289780e-09
1.181513260764191049e-09
-2.582949565319978985e-23
-2.668346112985424671e-23
-2.568842617371340738e-23
-2.260107332900711421e-23
-1.814531899815433516e-23
-1.408658106172507535e-23
-1.159525812203542543e-23
-8.980942798840831906e-24
-5.741018693465508041e-24
-4.350819526175293934e-24
-2.748770589277283655e-24
-1.852041878313448289e-24
-1.258555837162321787e-24
-8.711064223566306985e-25
-6.125843481323330767e-25
-4.437216166523358792e-25
-3.279583398643839541e-25
-2.443205351878522974e-25
-1.808604841019824784e-25
-1.313135865909523343e-25
-2.215069492561055180e-12
-2.395834526041242765e-12
-2.453155932482373797e-12
-2.333439177344890358e-12
-2.024059472476398230e-12
-1.608648954916091715e-12
-1.255411905787348643e-12
-1.039550167571326439e-12
-7.768094147663045986e-13
-5.010960052543753165e-13
-3.730373578247139228e-13
-2.393317639931468930e-13
-1.569790381113295667e-13
-1.051632224156082036e-13
-7.111262142855390040e-14
-4.905174979986853515e-14
-3.481834407689691006e-14
-2.529297122830214597e-14
-1.859500539300247012e-14
-1.365683736583813567e-14
-1.647170764462708975e-09
-1.801759161591181554e-09
-1.873008738938210389e-09
-1.817802561234410208e-09
-1.614912469014166147e-09
-1.307260650194537466e-09
-1.014742221499618601e-09
-8.300069187057757822e-10
-6.529180720209014365e-10
-4.196376041938721599e-10
-3.128503371831529271e-10
-1.967713025536477244e-10
-1.324160173802704515e-10
-8.759532060345526907e-11
-5.850775825337501008e-11
-3.981476556458397842e-11
-2.783055308275588064e-11
-1.995595552937129609e-11
-1.455544755440526015e-11
-1.066928516441423902e-11
2.729963317260056053e-08
2.989033155148908453e-08
3.111103774752895781e-08
3.024176766155029674e-08
2.692257883034336087e-08
2.183647637026351619e-08
1.694763437231212403e-08
1.384336003812261623e-08
1.092661331069728330e-08
7.040976230504382660e-09
5.230104691075440643e-09
3.297303169887993577e-09
2.224239153721143435e-09
1.469207534100647069e-09
9.787485502910299629e-10
6.653699509352747484e-10
4.643864729099071693e-10
3.325360852521451797e-10
2.423236744064067962e-10
1.775635183908850583e-10
1.504077444758533990e-07
1.651820011154610265e-07
1.726288176389204210e-07
1.687446515452465145e-07
1.512486650544473927e-07
1.234182914210718014e-07
9.580723141952354351e-08
7.788682796276965875e-08
6.215360290347448551e-08
4.034781325267250400e-08
2.966993424317856578e-08
1.883255508484568664e-08
1.277945152613977571e-08
8.401808488567273608e-09
5.561793979373808176e-09
3.766344300739629510e-09
2.616032177667886587e-09
1.865376436788389264e-09
1.355394271137100380e-09
9.918406645715333927e-10
7.136949324659330957e-05
5.619805785807868606e-05
4.504666592955011885e-05
3.610639438413061457e-05
2.533089367305203009e-05
1.775429254211118138e-05
1.245576962107532669e-05
8.577965165682169445e-06
5.960062045142945466e-06
4.238456220571836346e-06
3.096891756095799112e-06
2.322116337922849640e-06
1.769492947648063314e-06
1.350231488821220980e-06
1.015688801724986514e-06
7.428173452397405338e-07
5.225467170178401348e-07
3.514449424971520217e-07
2.259413919452051117e-07
1.395120599829995902e-07
4.899977749956774872e-05
4.122259707495750216e-05
3.239871293348737570e-05
2.578442732599963769e-05
2.104909194438407373e-05
1.485655262671060228e-05
1.026030030615271230e-05
7.248567577871800992e-06
4.956802838307093536e-06
3.398888899571661947e-06
2.387274970682666672e-06
1.721283389955137145e-06
1.275567003404105404e-06
9.639517765592085937e-07
7.326611845345318982e-07
5.514488588822961113e-07
4.052346642506520979e-07
2.874362317636992763e-07
1.952926856387424329e-07
1.267973377759587290e-07
3.452086138572189411e-05
3.138761333509806499e-05
2.602428331442496008e-05
2.030767005046096123e-05
1.630078569719107788e-05
1.322941666345518440e-05
8.995526294047136940e-06
6.386962207127529093e-06
4.346915517864212582e-06
3.011413580199542123e-06
2.050259429456377312e-06
1.428952972412551713e-06
1.024905656597681379e-06
7.558818438697178972e-07
5.683344783513840468e-07
4.297278137720858623e-07
3.218237984913769075e-07
2.354555992570896820e-07
1.664442935868262610e-07
1.128186661362276392e-07
2.523919366996813104e-05
2.428832197166339642e-05
2.139936519710216605e-05
1.723874653829919306e-05
1.341786088777221621e-05
1.099481351996525310e-05
8.528881137278169285e-06
5.557820561559942893e-06
4.136057482001090784e-06
2.683675675736408950e-06
1.840507178256522646e-06
1.262111278589964371e-06
8.819045812504774597e-07
6.330130434684698909e-07
4.664208118612843236e-07
3.495609365938014581e-07
2.627532947026364662e-07
1.951907650989696177e-07
1.414841654781035793e-07
9.900437008417434562e-08
1.918269613835830629e-05
1.921273068944697561e-05
1.777995146823949660e-05
1.498270246095891643e-05
1.173206939006073481e-05
9.306100158041433968e-06
7.672304257650299265e-06
5.361200131937740186e-06
3.668522008282662420e-06
2.566961744778747565e-06
1.749857098371831352e-06
1.166245358782783328e-06
7.957994111433837784e-07
5.562806740898113918e-07
4.006786533862571844e-07
2.955941962539679956e-07
2.209297095798762777e-07
1.649109059460360504e-07
1.212285968207565791e-07
8.674691807961393315e-08
1.531436850545874528e-05
1.578874835157759757e-05
1.517312193532211487e-05
1.333304058253378080e-05
1.070616284574233871e-05
8.327318824324674902e-06
6.844122922692811298e-06
5.277943976776915740e-06
3.405912822200842526e-06
2.549178516612949546e-06
1.630180878901293625e-06
1.101021422832705509e-06
7.465354697146729202e-07
5.140558418393670738e-07
3.621565785924419313e-07
2.623033691978901417e-07
1.938559586554606624e-07
1.443782385725937568e-07
1.068224265511433999e-07
7.751566474496731958e-08
1.240924594071023026e-05
1.307483452757476791e-05
1.293394976484667089e-05
1.177349427308332591e-05
9.748553994164379358e-06
7.581898750160880470e-06
6.090294193546451824e-06
4.966917453238217357e-06
3.317291627959708870e-06
2.367457624956047578e-06
1.562105345974222414e-06
1.078506703557027705e-06
7.142728440074221753e-07
4.790642855912382441e-07
3.311205070626265482e-07
2.352455466787649638e-07
1.713503929971976497e-07
1.266886863218559792e-07
9.381101252301404177e-08
6.863366959404130015e-08
1.044738785450972442e-05
1.119544508443092892e-05
1.132842999912085965e-05
1.061479095908401330e-05
9.055858078240541003e-06
7.126515932176547142e-06
5.608224395349326151e-06
4.647548606037145255e-06
3.334081395265853929e-06
2.211600057433451561e-06
1.589865178012436257e-06
1.055644313493578615e-06
6.898653635834484539e-07
4.616286285027933422e-07
3.128649181883135391e-07
2.182918564386646394e-07
1.564575863192264594e-07
1.144573132648269563e-07
8.445306979825938138e-08
6.200152918294617322e-08
8.975345131787130549e-06
9.747651023302053401e-06
1.004376906769703697e-05
9.636985714490132936e-06
8.446767399426173794e-06
6.764668227553477425e-06
5.260937453168665558e-06
4.335463459308296216e-06
3.320569076072932579e-06
2.128190854507854566e-06
1.595450395818834545e-06
1.008712456954439530e-06
6.682599326651775621e-07
4.457952001024133641e-07
3.004804477518641186e-07
2.059051834968753687e-07
1.452020327772285542e-07
1.048916522512206469e-07
7.687627546950935478e-08
5.643792920665095842e-08
7.842645258417358276e-06
8.612354371690884630e-06
9.004950839954226069e-06
8.810776086603638304e-06
7.907370371382094949e-06
6.456982900550166942e-06
5.008682167380174016e-06
4.069481941058957929e-06
3.259638018462014698e-06
2.111236716853666482e-06
1.556083636129295506e-06
9.829445073881692890e-07
6.693052225180644963e-07
4.396994404368256708e-07
2.907714257071206108e-07
1.969087166433201821e-07
1.366610475136248117e-07
9.739081579360582030e-08
7.073624903582970101e-08
5.177343631628684371e-08
