# firecrown_theory
3.298693465954682168e-09
2.466648319200337121e-09
1.802040827768337524e-09
1.290667321254048723e-09
9.204344328662067554e-10
6.613228205854576513e-10
4.788729617217471569e-10
3.514836825313310947e-10
2.606191413317410584e-10
1.941402792164919853e-10
1.440132125106778599e-10
1.054226213432224687e-10
7.553339219319653960e-11
5.262725614828881964e-11
3.550488590377669972e-11
2.314991480409315604e-11
1.459521167546642902e-11
8.921243321541436248e-12
5.308680494840674025e-12
3.090062989916991024e-12
5.426721807628603103e-09
4.111955104152306493e-09
3.049807663791056590e-09
2.203851536685263357e-09
1.560846063934547519e-09
1.109653502935454994e-09
7.967935780079542008e-10
5.770312844564105656e-10
4.247682844530203407e-10
3.157562755004045711e-10
2.354774836247244080e-10
1.744902716038267426e-10
1.272482497973467837e-10
9.058357993576956521e-11
6.255201897916161643e-11
4.173861137449589803e-11
2.687426863931477527e-11
1.671778164601656840e-11
1.008223122133343009e-11
5.924596973399541920e-12
5.937008878423325437e-09
4.498333959590279634e-09
3.340632663971934082e-09
2.416783730473095066e-09
1.706400123009496417e-09
1.207194040656912360e-09
8.663926252569327959e-10
6.260813468848892940e-10
4.606823046281928468e-10
3.427057772030555570e-10
2.561099345742260239e-10
1.903327494595771869e-10
1.392691099296706915e-10
9.947708512106847374e-11
6.889872632958996372e-11
4.607273213620201765e-11
2.969374826881514086e-11
1.846319103125456100e-11
1.111417374240966128e-11
6.512094265362418533e-12
6.230516906763148166e-09
4.720622794965937035e-09
3.507878907752785601e-09
2.539195064477445934e-09
1.790140035001567749e-09
1.263391447659471534e-09
9.063648209440713939e-10
6.542997748686074628e-10
4.813083361508940149e-10
3.581934103677018125e-10
2.679621608941411716e-10
1.994339185602214111e-10
1.461762786668013195e-10
1.045890140004187961e-10
7.254825705676943733e-11
4.856632774311466635e-11
3.131685589310354882e-11
1.946854560416266583e-11
1.170885915792059017e-11
6.850727171157205455e-12
6.434563101845419178e-09
4.875220689585106074e-09
3.624239437423771082e-09
2.624377674361959686e-09
1.848432448047447765e-09
1.302535143847450287e-09
9.342154347654082060e-10
6.739560963627365218e-10
4.956761678095003041e-10
3.689771738014647483e-10
2.762120531374245666e-10
2.057670074259466414e-10
1.509817086229777228e-10
1.081452221051421302e-10
7.508731639228408300e-11
5.030153757209464115e-11
3.244674822109152095e-11
2.016880235866128702e-11
1.212338750640613082e-11
7.086997323190247630e-12
6.593979122020407486e-09
4.996004472862843948e-09
3.715149551124182912e-09
2.690929293597115944e-09
1.893975376295331631e-09
1.333117608428346855e-09
9.559748519619341224e-10
6.893133893031735146e-10
5.069015882609923770e-10
3.774023893022112765e-10
2.826575669828869069e-10
2.107149366293256223e-10
1.547360975643946273e-10
1.109236155095253205e-10
7.707103246771387089e-11
5.165722424343625511e-11
3.332951444082418761e-11
2.071590400727340367e-11
1.244725542832080644e-11
7.271593686032064429e-12
6.736998184097815489e-09
5.104364684830187704e-09
3.796707982487602497e-09
2.750635636188634159e-09
1.934833978873282372e-09
1.360554569153055468e-09
9.754962839197667298e-10
7.030911804463239965e-10
5.169724696760896854e-10
3.849610602558987130e-10
2.884401404280975465e-10
2.151539477306144480e-10
1.581043243792776561e-10
1.134163185419816637e-10
7.885070764867200436e-11
5.287346709236160301e-11
3.412148049534845889e-11
2.120673154831389464e-11
1.273781064106128172e-11
7.437203901814850910e-12
6.891815181384705229e-09
5.221664130064695794e-09
3.884995480440704720e-09
2.815267335870397240e-09
1.979063059875852155e-09
1.390254730122845430e-09
9.966279399538520335e-10
7.180054102834529893e-10
5.278740356657388853e-10
3.931432118546388450e-10
2.946997107888642897e-10
2.199591427029393428e-10
1.617504253756722858e-10
1.161145754781322091e-10
8.077720111001370087e-11
5.419004557301629203e-11
3.497878179666209313e-11
2.173805138365627491e-11
1.305233583958727165e-11
7.616519878576839103e-12
1.249742910102329071e-08
9.785496588020053121e-09
7.475269976967877947e-09
5.592213714131745498e-09
4.067486798030134508e-09
2.880228785688981847e-09
2.037114411857732067e-09
1.448361739794464899e-09
1.037165651925442897e-09
7.542083606472633064e-10
5.555215701378354058e-10
4.121691979478480710e-10
3.053872025388445718e-10
2.237835969920782501e-10
1.607514032941383459e-10
1.123940752215316528e-10
7.611136021121199320e-11
4.979468489088007851e-11
3.147201659632993844e-11
1.925964806248802196e-11
1.539743574389600060e-08
1.217726127678301654e-08
9.365093990167304062e-09
7.057940867029855890e-09
5.186458137780634591e-09
3.691374957197347902e-09
2.597850638347600471e-09
1.843535357138880525e-09
1.310941947036029498e-09
9.472133517439654743e-10
6.935705989662311325e-10
5.131890291259636217e-10
3.805727338083990162e-10
2.801474560641828453e-10
2.027991969375564283e-10
1.432353520887117279e-10
9.813574604373249278e-11
6.499602577174518571e-11
4.157157848924150316e-11
2.571218221487820411e-11
1.697377341565136980e-08
1.346659628603068741e-08
1.037650323388237966e-08
7.838687304476178196e-09
5.780436754151179998e-09
4.119320851472245895e-09
2.890968685566824099e-09
2.049546323805829838e-09
1.454185225802900223e-09
1.048124864106101848e-09
7.661341918738428184e-10
5.666215718451655477e-10
4.205495675339197271e-10
3.102276489638251213e-10
2.252716415310548632e-10
1.597054720971262619e-10
1.098609171120447695e-10
7.304902946654711755e-11
4.688384837225006377e-11
2.907774994194274682e-11
1.806765596061565092e-08
1.436113833551004290e-08
1.107814612551740215e-08
8.380213260277916556e-09
6.192308599810622852e-09
4.416053850269802590e-09
3.094216695934865004e-09
2.192289642227327454e-09
1.553463906141539907e-09
1.118044915145618812e-09
8.164355849203132498e-10
6.036597751114439683e-10
4.482651451914909440e-10
3.310855347141572493e-10
2.408567436923715465e-10
1.711285152131452736e-10
1.179932552524230524e-10
7.863333752583784756e-11
5.056780511835619356e-11
3.141128078856102986e-11
1.892278486029656081e-08
1.506059811361320674e-08
1.162682831485727422e-08
8.803739695559314328e-09
6.514452359584501125e-09
4.648163407011633326e-09
3.253239079512908351e-09
2.303988568223390229e-09
1.631142811036191907e-09
1.172757085174874390e-09
8.557897003929589808e-10
6.326339430634280272e-10
4.699437399705905710e-10
3.473985172045218546e-10
2.530451275369864275e-10
1.800618338655581624e-10
1.243533394055136994e-10
8.299876809013991084e-11
5.344957083256056700e-11
3.323802567079125154e-11
1.968996254755038412e-08
1.568811865501361468e-08
1.211907996606330225e-08
9.183708376069146473e-09
6.803465692003499593e-09
4.856402312581565813e-09
3.395907702594935274e-09
2.404200798305615100e-09
1.700833482888696680e-09
1.221842825973518853e-09
8.910961213647699846e-10
6.586284084089381293e-10
4.893928569155441267e-10
3.620338016303838042e-10
2.639799908227358188e-10
1.880763966497769172e-10
1.300593160400213832e-10
8.691706560010487869e-11
5.603496659007814015e-11
3.487498365536704284e-11
2.052043288632562431e-08
1.636740807462088415e-08
1.265194044053137415e-08
9.595023785901151681e-09
7.116321216521129130e-09
5.081807829873788681e-09
3.550345687624916182e-09
2.512679956304503488e-09
1.776273232277443939e-09
1.274977862421364299e-09
9.293156963320323135e-10
6.867672899004537990e-10
5.104464392139059579e-10
3.778764417493558403e-10
2.758169418408705507e-10
1.967521340154268117e-10
1.362360129629146288e-10
9.115860831064820523e-11
5.883364748429456163e-11
3.664808144294350305e-11
2.099889186108488632e-08
1.702544398182589019e-08
1.332527696211043535e-08
1.017123860497369691e-08
7.603183281286114822e-09
5.526452651054212424e-09
3.903951416852416949e-09
2.748687189562601410e-09
1.945367749310618145e-09
1.383988403264654198e-09
9.996762960851209045e-10
7.314651319446869135e-10
5.394873892985677156e-10
3.977997173760016395e-10
2.905095924119447183e-10
2.082975342709820992e-10
1.456012243425597664e-10
9.872923570015990377e-11
6.476346547824178132e-11
4.107557412791071165e-11
2.437244301718628566e-08
1.997442457073299045e-08
1.575746278523924523e-08
1.209287280363961485e-08
9.093002257816275100e-09
6.664882893171865103e-09
4.726695320153998759e-09
3.315912625607214250e-09
2.343769629178517700e-09
1.657743489200351413e-09
1.191307073051458807e-09
8.671872043946429018e-10
6.377509749279191667e-10
4.702201101877866765e-10
3.443608883089377765e-10
2.482338296310706027e-10
1.747987663686802201e-10
1.195683842240577450e-10
7.917761180947118181e-11
5.069441254907314829e-11
2.665303270546585001e-08
2.195900694277073231e-08
1.738637026438510831e-08
1.337453003625201890e-08
1.008466837967988390e-08
7.418278050123024037e-09
5.270907581138276131e-09
3.689243821167744962e-09
2.606070418956577508e-09
1.838034132367374890e-09
1.317655097164184840e-09
9.568678527509704476e-10
7.029265891293645708e-10
5.184157157862569824e-10
3.802835001657597393e-10
2.749041512053342236e-10
1.942935149006119506e-10
1.334864903275630563e-10
8.876270670327748431e-11
5.706769128449048458e-11
2.843425817690526085e-08
2.350886681574897905e-08
1.865825274123228360e-08
1.437520270810211145e-08
1.085883249255672051e-08
8.007857654411254706e-09
5.695705386191187219e-09
3.980626608783589684e-09
2.810729455370165830e-09
1.978743133050886757e-09
1.416232110403863561e-09
1.026857548296718645e-09
7.537964942621568808e-10
5.560338227566941106e-10
4.083262568335377903e-10
2.957258132364006736e-10
2.095138438431225647e-10
1.443096122367833190e-10
9.624601707598469330e-11
6.204313998275593674e-11
3.003273224296131818e-08
2.489980756631608331e-08
1.979981576673588074e-08
1.527342206173463585e-08
1.155377341757030485e-08
8.537114548836919439e-09
6.077061132175121435e-09
4.242246716624076338e-09
2.994488442562814551e-09
2.105078710578309031e-09
1.504741639153941867e-09
1.089695618716180948e-09
7.994650632345097164e-10
5.898045860060072628e-10
4.334986730807552703e-10
3.144155997782046289e-10
2.231718532345632381e-10
1.540464662492287586e-10
1.029633829141105739e-10
6.650959565086690060e-11
3.176307793077312515e-08
2.640549999539522890e-08
2.103555850890511590e-08
1.624574544657787881e-08
1.230604813473743817e-08
9.110036140444622273e-09
6.489879622460834087e-09
4.525451426910767735e-09
3.193408407070557425e-09
2.241837494569220356e-09
1.600553643261472344e-09
1.157718090469999661e-09
8.489061193121510357e-10
6.263615446778380210e-10
4.607478759144888863e-10
3.346473289169671240e-10
2.379645765352194895e-10
1.645866250951122324e-10
1.102274160315442594e-10
7.134454434530219951e-11
2.970526360713736923e-08
2.482715375981439187e-08
1.991101605990338488e-08
1.545612222722296607e-08
1.172446407057676078e-08
8.698294196822525317e-09
6.258557614694280839e-09
4.392928067317736927e-09
3.089138343250164260e-09
2.176261659061828336e-09
1.546820874188046035e-09
1.114486833725907774e-09
8.130832731498037216e-10
5.970303567787325705e-10
4.375467357206428382e-10
3.171587875314081977e-10
2.255299576648757725e-10
1.563199806013898747e-10
1.051483167077878483e-10
6.848001068703092148e-11
3.347410958111181481e-08
2.826983364663089181e-08
2.287154185696256943e-08
1.786436217172537517e-08
1.361302993836781696e-08
1.015782424187774161e-08
7.359864281517818829e-09
5.174551126710877131e-09
3.627349215453068544e-09
2.552335012965250383e-09
1.803431780325840417e-09
1.293198341238355437e-09
9.393994578065500283e-10
6.880880550409985549e-10
5.042880815613943453e-10
3.664473285144534215e-10
2.617882147260325000e-10
1.826050992656515075e-10
1.237556084514523715e-10
8.125765827764126397e-11
3.637294820753305200e-08
3.091081150418605911e-08
2.513533624470366368e-08
1.970001412912014627e-08
1.504928767162832572e-08
1.126687405772017058e-08
8.195522890491184496e-09
5.765273840087373879e-09
4.033246125693177261e-09
2.836243099189748751e-09
1.996953820025041108e-09
1.428288984141405926e-09
1.035037923812714099e-09
7.571904119088463541e-10
5.550458541893577299e-10
4.039863035757038097e-10
2.894281194312700599e-10
2.026405406347000905e-10
1.379257417697448090e-10
9.097219883408775091e-11
3.897350693682409441e-08
3.327996224949633925e-08
2.716613679013906457e-08
2.134663713877781448e-08
1.633759114322036648e-08
1.226162798046812144e-08
8.945051472620042037e-09
6.295112889622413598e-09
4.397285414016401361e-09
3.090848264020562690e-09
2.170525078003737269e-09
1.549440375802791081e-09
1.120806991314565575e-09
8.191660070116629904e-10
6.005715638247431999e-10
4.376595238241765834e-10
3.142205454616967263e-10
2.206122708663235292e-10
1.506364357841867885e-10
9.968619618517652447e-11
4.178893820331129134e-08
3.584493113104268275e-08
2.936486291795954648e-08
2.312948761989725204e-08
1.773252621473991040e-08
1.333874079701771077e-08
9.756638669536684969e-09
6.868843389186362854e-09
4.791503997231155051e-09
3.366554748044113643e-09
2.358485327737318438e-09
1.680631630295990079e-09
1.213683294343078166e-09
8.862765876554419319e-10
6.498662308563330509e-10
4.741195528579552080e-10
3.410643730369577775e-10
2.400709319817467342e-10
1.643988434245412276e-10
1.091213497894315309e-10
3.887582524633277570e-08
3.336754334209635932e-08
2.740553693676046590e-08
2.166083368176867738e-08
1.663911184188696066e-08
1.251074651731621441e-08
9.167855513464688880e-09
6.504183460386932217e-09
4.544122194644309210e-09
3.190968260356639229e-09
2.239439994758502088e-09
1.593104317090774995e-09
1.147201135720021348e-09
8.350109176784770355e-10
6.101972539768355840e-10
4.438586764440603742e-10
3.186139655553487263e-10
2.240336626369378685e-10
1.534553805185330833e-10
1.020250259302237805e-10
4.313725806343186941e-08
3.739673225709809852e-08
3.099841696531461751e-08
2.467811516963838328e-08
1.905023230960528889e-08
1.438689824483654659e-08
1.060880622077759280e-08
7.567375079620514334e-09
5.280702444116032412e-09
3.701486151876408987e-09
2.590003819584900097e-09
1.833209092394700488e-09
1.313333099954440555e-09
9.523226369821116159e-10
6.946192124075218107e-10
5.054638799908546354e-10
3.637888996853559559e-10
2.569547271590341811e-10
1.770645770632215235e-10
1.185508754136445526e-10
4.692348454651942000e-08
4.097099737332626337e-08
3.417777646799995547e-08
2.734331879330701807e-08
2.117674558251477491e-08
1.603893491956051496e-08
1.187712073999845567e-08
8.501559920604175005e-09
5.925966597769784285e-09
4.148823974925907960e-09
2.897114191507364188e-09
2.043570498649085392e-09
1.459044418966674814e-09
1.055393371047190112e-09
7.689193053513539336e-10
5.597679809992271683e-10
4.036525644575015545e-10
2.860202091651403240e-10
1.979071568981412105e-10
1.331309691309106575e-10
5.102256125615946108e-08
4.484066028152480213e-08
3.762301820646137376e-08
3.022895376225144142e-08
2.347692649656227422e-08
1.782767388273373911e-08
1.325037924368050108e-08
9.513062369194451233e-09
6.624679913171939173e-09
4.633196967154947471e-09
3.229654890306419521e-09
2.271344922936851136e-09
1.616823319706009164e-09
1.166995979691923491e-09
8.493671167764228965e-10
6.185638974852122065e-10
4.468131755873784814e-10
3.174894969593946029e-10
2.204735950583431714e-10
1.489171519473755693e-10
4.895703163003340907e-08
4.305525339095435858e-08
3.620137601016736837e-08
2.918047463710580984e-08
2.272973161776196279e-08
1.727791451145805470e-08
1.284537337138748194e-08
9.261453258327264352e-09
6.485997361756344286e-09
4.526575238140881990e-09
3.163524538193096134e-09
2.219759970547175700e-09
1.578154956161899063e-09
1.135880257292634475e-09
8.241918456968448377e-10
5.985753546138254607e-10
4.314401659574146392e-10
3.061866610417392845e-10
2.125729836283936459e-10
1.437058889004646968e-10
5.421931869029485332e-08
4.817869341489031878e-08
4.092081066428381402e-08
3.327354805410485043e-08
2.608255620049625891e-08
1.991632588482240783e-08
1.488646816035768722e-08
1.080818297916411645e-08
7.591197173834965259e-09
5.283313982005619724e-09
3.688996200505617053e-09
2.574166122353077481e-09
1.821112364205844801e-09
1.303911899055438823e-09
9.425655766202799558e-10
6.834821379281067680e-10
4.930510315095435160e-10
3.509796625435065546e-10
2.448702647662540565e-10
1.665923552515260683e-10
5.988352484588152761e-08
5.368856579196070683e-08
4.599048475665165218e-08
3.766438925950764851e-08
2.967416912476937174e-08
2.273964380378194197e-08
1.706983854043823282e-08
1.246195138116271724e-08
8.770753292814305542e-09
6.090013141441141021e-09
4.249511060765789240e-09
2.951927209757076844e-09
2.080313361535569302e-09
1.483299518542350150e-09
1.069081917625986126e-09
7.743338543808612687e-10
5.590404491651859618e-10
3.989886107810419213e-10
2.794974544010769326e-10
1.911288533919112663e-10
6.135632865572258438e-08
5.531249160188601525e-08
4.769160931663420907e-08
3.933386811228451818e-08
3.118778863136721478e-08
2.400284376260169521e-08
1.806768637921995182e-08
1.325407740108965887e-08
9.398762421002222312e-09
6.531352592029672870e-09
4.549475724233669866e-09
3.159158178475454676e-09
2.216607344627408406e-09
1.572405900911485503e-09
1.127959194254728190e-09
8.138084724691704348e-10
5.861215833559644365e-10
4.180355787710313905e-10
2.931566969994678112e-10
2.010174064502283420e-10
6.917354831690559426e-08
6.313982841298392964e-08
5.513733647774462197e-08
4.601691653384128490e-08
3.683563173848636784e-08
2.853605241510224181e-08
2.160082131479599496e-08
1.597038188001898350e-08
1.141179392113898142e-08
7.928559893334182960e-09
5.509277565401331938e-09
3.814580420580081584e-09
2.657858315510067485e-09
1.871865065263224492e-09
1.334362912247818511e-09
9.585596882847648073e-10
6.892476706075426891e-10
4.921912893579463282e-10
3.463058245443932399e-10
2.390238355256244136e-10
8.037181564096927711e-08
7.468373135629133241e-08
6.649611059957287125e-08
5.660237273241039644e-08
4.612313881100546605e-08
3.621604015706271646e-08
2.767404996273230021e-08
2.067825720482157048e-08
1.500127430809258211e-08
1.051561359512560389e-08
7.271915072110948803e-09
5.030596995280660244e-09
3.467617393693164380e-09
2.415633766549030509e-09
1.699981634237924603e-09
1.207832187239143868e-09
8.621118918439029173e-10
6.138514627937406820e-10
4.326384240024522671e-10
3.003388685448125449e-10
1.753894312576088034e-07
1.387563776831522614e-07
1.116682216035113310e-07
8.568890068151143498e-08
5.943192664114556393e-08
4.214120680253197971e-08
2.918788831457794210e-08
2.025556333362213006e-08
1.422021771681697975e-08
1.023719919571931874e-08
7.572508860958348949e-09
5.727142637236089212e-09
4.375446387661459150e-09
3.325123611788137779e-09
2.476156320806110672e-09
1.784514529333483494e-09
1.233866207620139827e-09
8.155649098846742494e-10
5.163246469175675562e-10
3.148683269276390068e-10
6.411566272903670224e-07
5.086101633324090889e-07
4.070613306792132746e-07
3.202942322327583711e-07
2.275830444857362395e-07
1.590459556821299021e-07
1.117283731489917019e-07
7.686867957167349316e-08
5.367899279473393475e-08
3.825887929128705009e-08
2.800532670588064027e-08
2.101270392423108231e-08
1.599784917178710298e-08
1.217935745165079445e-08
9.131417310819186429e-09
6.652976605918550971e-09
4.663746647258136892e-09
3.128754175208067835e-09
2.008708231703871664e-09
1.239682933499723031e-09
8.056213747068912318e-07
6.396513101329299372e-07
5.114083389443492551e-07
4.036546749846468489e-07
2.881347174884570981e-07
2.009255499941347907e-07
1.414273277365293546e-07
9.719361350843007311e-08
6.782687011166835771e-08
4.826681546757916918e-08
3.527300274395497499e-08
2.643096604344214205e-08
2.010871332807726404e-08
1.531117944980902952e-08
1.149025898365036375e-08
8.385006413665050881e-09
5.890157568121284632e-09
3.960558731195215755e-09
2.548356932123715758e-09
1.575703962722643385e-09
8.993001822008514546e-07
7.142662806129080195e-07
5.708307681952362406e-07
4.511241796209278758e-07
3.225798888265587164e-07
2.247575212691648520e-07
1.583282577893270469e-07
1.087616129198396511e-07
7.587786002179513176e-08
5.396318278421203733e-08
3.940938299703405330e-08
2.951424115398120579e-08
2.244968405559144834e-08
1.709476039530722069e-08
1.283343285067198135e-08
9.371129632788675124e-09
6.588252853354367466e-09
4.433926625469764524e-09
2.855372111623948198e-09
1.766835010282683156e-09
9.643239483152790796e-07
7.660822107723030531e-07
6.120753562072544577e-07
4.840700786066178235e-07
3.464958045815794506e-07
2.413001314662646074e-07
1.700595207413105114e-07
1.167756663387544481e-07
8.146517968309115900e-08
5.791709161038708346e-08
4.228112501517871464e-08
3.165209910445462035e-08
2.407456595647926136e-08
1.833274469208951212e-08
1.376581944459336570e-08
1.005565575371260774e-08
7.072845945552814381e-09
4.762511184499979383e-09
3.068488304240123989e-09
1.899507409001098378e-09
1.015137220558040708e-06
8.065253730537446182e-07
6.443031908553076618e-07
5.098081754130893733e-07
3.651795760925871487e-07
2.542251612919351894e-07
1.792245420752807924e-07
1.230596600677227216e-07
8.583242237573550993e-08
6.100636384107522559e-08
4.452458532829216287e-08
3.332810674513330851e-08
2.534412512198825104e-08
1.929999246159572803e-08
1.449427421777676848e-08
1.059043570448430239e-08
7.451422373062091427e-09
5.019768383412159470e-09
3.234983873094139808e-09
2.003156780728397530e-09
1.060701248595128885e-06
8.428277614222179869e-07
6.732131174331809165e-07
5.329082540405831399e-07
3.819418110638598214e-07
2.658206775253342293e-07
1.874485770266552805e-07
1.286870688946048335e-07
8.975112591078985596e-08
6.377784154992196249e-08
4.653355681926557512e-08
3.482881672229040641e-08
2.648306346981081439e-08
2.016770325089048429e-08
1.514541131449636145e-08
1.107011275772467205e-08
7.791080779361755405e-09
5.249628721147535548e-09
3.384361040372934137e-09
2.096150077732210720e-09
1.110037472553823751e-06
8.821251522432939764e-07
7.045107376274491585e-07
5.579083237487592342e-07
4.000872895989868568e-07
2.783730585625226263e-07
1.963491372096760718e-07
1.347780726390740642e-07
9.398990434367618603e-08
6.677793289304923863e-08
4.871618646362773605e-08
3.645330031996064608e-08
2.771598697621498462e-08
2.110699130429058307e-08
1.585504696907082399e-08
1.158958997562189370e-08
8.158748089701787894e-09
5.498869625762166223e-09
3.546053038055475055e-09
2.196750509075591219e-09
1.836906210140051821e-08
1.413033165257782282e-08
1.096916709667640069e-08
9.186600956724874974e-09
6.680808394636923748e-09
4.106784086015781161e-09
3.221277357278379011e-09
2.020067781282801693e-09
1.458018730831721860e-09
1.032131266283187274e-09
7.547351453946434289e-10
5.697892853587960774e-10
4.382328476627320311e-10
3.376473234870364525e-10
2.562083807672440441e-10
1.886351087113206820e-10
1.331486272523770597e-10
8.937849662651538817e-11
5.695707393283590093e-11
3.467108810641118568e-11
3.767385093531975074e-07
3.141616775840183089e-07
2.473478460476663254e-07
1.981036744072740811e-07
1.588196577060600249e-07
1.112954354660198273e-07
7.779745973218764346e-08
5.437415961276919932e-08
3.723987499086579966e-08
2.569238958336532954e-08
1.812097395366578463e-08
1.312522648353477417e-08
9.761039098953482268e-09
7.385608538539282797e-09
5.610894144389761571e-09
4.210665212670858935e-09
3.079745684284401036e-09
2.172258526271643417e-09
1.466863766420119557e-09
9.473794680673665382e-10
5.893138898440158157e-07
4.948364314716376063e-07
3.906039491415239541e-07
3.117637102483492580e-07
2.510073956703561640e-07
1.780552573792102128e-07
1.234885934788316236e-07
8.694742757751134302e-08
5.929398869227169402e-08
4.088763881163884076e-08
2.876184893786522110e-08
2.076458575861114584e-08
1.540007263329909415e-08
1.163568604782986431e-08
8.834382482201777499e-09
6.637293399066808115e-09
4.866540044827229808e-09
3.443959334954270768e-09
2.335578732091852752e-09
1.514779792201591566e-09
7.059684383169068551e-07
5.938796902317110063e-07
4.691014915975528333e-07
3.740798748240924808e-07
3.015267146989901886e-07
2.145634301525368547e-07
1.485074462573062400e-07
1.047551499730055651e-07
7.136436857700240501e-08
4.920589920596058903e-08
3.458883931385015629e-08
2.495196721083271114e-08
1.849174083525468372e-08
1.396430691765816407e-08
1.060214922938018562e-08
7.967420658425061576e-09
5.845689238504724869e-09
4.140605962351613714e-09
2.811062575921638438e-09
1.825143016614708312e-09
7.869236156784334139e-07
6.626112347778311017e-07
5.235670301700165545e-07
4.173223485102176293e-07
3.365827062691875828e-07
2.398969311422828030e-07
1.658762941674663317e-07
1.171146916566138437e-07
7.974864636217766419e-08
5.497709952123148318e-08
3.863223360435389472e-08
2.785667052486125585e-08
2.063517219681757590e-08
1.558064376744363153e-08
1.182763077086117478e-08
8.890359741998258645e-09
6.524976010932877081e-09
4.624035835925901977e-09
3.141183757936116028e-09
2.040506071940642321e-09
8.501713140641575022e-07
7.163731229531881432e-07
5.661297266849189010e-07
4.511315377729409709e-07
3.639515200573201304e-07
2.596883477642021815e-07
1.794423751436220431e-07
1.267709982113077841e-07
8.629152192875338788e-08
5.948641945254627663e-08
4.179117557691454371e-08
3.012600637196326565e-08
2.231084646266820020e-08
1.684266760582143966e-08
1.278568288783592625e-08
9.611534699946943858e-09
7.055770281597438308e-09
5.001719071995995260e-09
3.398773623210111598e-09
2.208760958317344511e-09
9.069116144742474384e-07
7.644813683635652946e-07
6.043095152321117805e-07
4.814161127915559523e-07
3.885423806474914283e-07
2.774450924348484742e-07
1.916128298076615308e-07
1.354333159464531982e-07
9.216083150888161500e-08
6.353155918791172265e-08
4.462515845982754024e-08
3.216194069704857956e-08
2.381322001182101003e-08
1.797527524532845750e-08
1.364563044930175771e-08
1.025852746963298476e-08
7.531963729964656623e-09
5.340557788608814032e-09
3.630029033630751459e-09
2.359710551203531332e-09
9.683338791259818358e-07
8.166294994389542943e-07
6.456023731881644941e-07
5.142207966909530816e-07
4.151406415168321276e-07
2.966635179408837845e-07
2.047870457213039265e-07
1.448110359210041030e-07
9.851723294090370852e-08
6.791074466115419035e-08
4.769300964870265943e-08
3.436574900243455223e-08
2.544094242624504536e-08
1.920132817253871183e-08
1.457559767202836987e-08
1.095893399095239891e-08
8.047447316710571550e-09
5.707336024270304520e-09
3.880434541615390646e-09
2.523237310842461405e-09
-1.317482962660876493e-08
-1.197355269431879442e-08
-9.909533354169657032e-09
-7.722143563366922578e-09
-6.218735598278189864e-09
-5.047023970521782546e-09
-3.401485006005052141e-09
-2.441564529892242055e-09
-1.646205150133498214e-09
-1.141117941380274939e-09
-7.785561012849894564e-10
-5.432264332915933121e-10
-3.900234309473972948e-10
-2.878614585244175965e-10
-2.166043591641875414e-10
-1.638404297445653110e-10
-1.227035496419098367e-10
-8.974322415396463158e-11
-6.338878723513534768e-11
-4.292498995415184448e-11
1.444119224951840021e-07
1.286466260640249114e-07
1.048427566620391478e-07
8.186368789951581063e-08
6.648284541486073067e-08
5.232706227151392562e-08
3.497449343321300342e-08
2.538201954096391276e-08
1.697814209383615335e-08
1.175547220996839825e-08
8.084502235768812762e-09
5.687063519170429631e-09
4.117196178444213632e-09
3.059384482552572599e-09
2.309864598171478318e-09
1.746502987251755486e-09
1.302703545751358996e-09
9.459411187116822930e-10
6.619531081083491670e-10
4.435584939751453819e-10
3.784257122228950169e-07
3.421391463475173334e-07
2.826391526101790724e-07
2.211720469845435564e-07
1.780554581696561025e-07
1.425167378308537747e-07
9.727520418666462241e-08
6.908193021672016275e-08
4.715970196274694610e-08
3.243498700562720855e-08
2.217918030961975568e-08
1.551336401264710675e-08
1.115452495599573718e-08
8.239447201365761687e-09
6.198723165243981688e-09
4.684172097838912289e-09
3.502216884206127479e-09
2.556041382101816865e-09
1.801525144320886646e-09
1.217538422299321506e-09
5.074628355086521584e-07
4.600618285826985469e-07
3.810522815987619292e-07
2.983637039068048516e-07
2.398088706210198922e-07
1.924551556018849545e-07
1.319464615907815657e-07
9.331155155479787968e-08
6.395926913065348900e-08
4.391481421123584257e-08
3.000084408108497016e-08
2.096601859974741866e-08
1.505588961055675741e-08
1.110854966288296907e-08
8.350322505269701887e-09
6.309514488199894519e-09
4.719353751706278595e-09
3.447483553936358628e-09
2.433233176712772234e-09
1.646950034411071429e-09
5.964097118599304951e-07
5.412906925595371740e-07
4.488100569899183509e-07
3.515097579381958419e-07
2.823335041707147983e-07
2.268387213446928888e-07
1.557994481620147330e-07
1.099920172491471896e-07
7.552127058823111444e-08
5.181573098335525584e-08
3.538340993319312006e-08
2.471919354511367126e-08
1.774171003543139929e-08
1.308395535168883784e-08
9.833074984644775162e-09
7.428754165899680366e-09
5.557772205459121769e-09
4.061598353625801879e-09
2.867858792826972717e-09
1.942520922625350488e-09
6.658635743522117074e-07
6.047494471010962588e-07
5.017584526431510157e-07
3.930297264297032865e-07
3.155615219020238745e-07
2.537005681201340454e-07
1.744343998499272624e-07
1.230147276446426656e-07
8.454347331493673622e-08
5.798842928133204472e-08
3.959158465242345610e-08
2.765080927610725627e-08
1.983963372037074038e-08
1.462724863572552771e-08
1.099097019002095865e-08
8.303250206638328218e-09
6.212464605220706273e-09
4.540832149278907148e-09
3.207532536589437275e-09
2.173440167739429563e-09
7.281920680579072968e-07
6.616870061777860048e-07
5.492594041664126372e-07
4.302935103583658733e-07
3.453609343071122464e-07
2.777822054248297400e-07
1.911535518798505024e-07
1.347151652232535478e-07
9.264747769313670126e-08
6.352552782217133975e-08
4.336568089114321029e-08
3.028196927514448446e-08
2.172249419301409206e-08
1.601189127397161867e-08
1.202916297082692506e-08
9.087745957583584541e-09
6.799734805900551792e-09
4.971471620526083330e-09
3.512258826595777053e-09
2.380598893717041183e-09
7.956645311544590428e-07
7.233106911447687849e-07
6.006748675224875265e-07
4.706030509014878399e-07
3.776225639873361685e-07
3.038882713261586438e-07
2.092515700150029141e-07
1.473714345385708011e-07
1.014163526111519063e-07
6.952080570533028922e-08
4.745119237919085653e-08
3.312826784549831512e-08
2.376281719774982428e-08
1.751056100949344547e-08
1.315421433956285791e-08
9.936980091891160219e-09
7.435665015699831247e-09
5.436753793018580161e-09
3.842127014257039905e-09
2.604852820394168834e-09
-4.559425935605462323e-09
-4.292672344065758877e-09
-3.688389793292762428e-09
-2.922858564500079432e-09
-2.297409310697292016e-09
-1.893141292443710419e-09
-1.389539842049727142e-09
-9.254926836916880717e-10
-6.738224233507737087e-10
-4.489342948446236074e-10
-3.042907289724471220e-10
-2.103139288429383914e-10
-1.485417121024987329e-10
-1.078590141650067535e-10
-8.022304770196370762e-11
-6.041665307019808488e-11
-4.539583582921422246e-11
-3.354331966757594324e-11
-2.407944561647584709e-11
-1.663934480997990825e-11
1.971391688892670720e-08
1.809272830951129296e-08
1.507886155367710595e-08
1.169233255501488739e-08
9.286089855147976003e-09
7.710519881206805071e-09
5.284726125041039547e-09
3.588361697369286818e-09
2.569251531911773613e-09
1.749031521722307346e-09
1.169015488139989196e-09
8.186690932456059910e-10
5.876642352061667657e-10
4.332762444816217292e-10
3.261956507054736821e-10
2.472416680043184231e-10
1.857552750499121360e-10
1.363963680389581252e-10
9.676777409201498977e-11
6.578245393547218260e-11
2.054266281610791746e-07
1.961349810845523239e-07
1.712618204618271625e-07
1.372325125438317321e-07
1.072996110092661762e-07
8.802152389850207956e-08
6.687018934560924181e-08
4.408965142462421173e-08
3.240331818320824140e-08
2.131039585497284262e-08
1.455485370044867764e-08
1.000167366733517962e-08
7.011135218764525987e-09
5.053104835672367541e-09
3.735023543295610235e-09
2.803605336203063478e-09
2.106641140259665010e-09
1.561621003952515197e-09
1.127711636158768959e-09
7.856267044476189296e-10
3.435303546441175425e-07
3.295053669744866986e-07
2.892986020960690351e-07
2.328204411099550951e-07
1.818527300474571721e-07
1.488262122650417842e-07
1.142338071321551694e-07
7.536990269563423305e-08
5.529009181028364198e-08
3.637358803280859006e-08
2.489477995937326403e-08
1.706069881486791603e-08
1.192474297314453425e-08
8.570526446910950128e-09
6.320968807071155917e-09
4.738164488441057830e-09
3.560197385213642558e-09
2.641092486014011175e-09
1.910820737661616049e-09
1.334664533726632642e-09
4.353464030282204037e-07
4.180955355366457915e-07
3.676896491870817083e-07
2.962545399585171178e-07
2.313412958076422010e-07
1.892063008582020924e-07
1.456162811078218004e-07
9.611151498078840094e-08
7.046396115175332996e-08
4.636466382068930976e-08
3.174930434091272169e-08
2.174344460460986861e-08
1.518498976755797311e-08
1.090541459984135886e-08
8.037890251888619932e-09
6.023005899755170052e-09
4.524508901503470022e-09
3.357857810453871302e-09
2.430742331124000791e-09
1.699184413980401295e-09
5.070675968585097821e-07
4.873321205836438414e-07
4.288804574857340907e-07
3.457755394319270681e-07
2.699826604547021625e-07
2.207223052698725890e-07
1.701250908150324183e-07
1.122979380881391557e-07
8.231958907456801938e-08
5.416300867705946371e-08
3.709985912634438011e-08
2.539665187863801659e-08
1.773011801157068364e-08
1.272828115453527017e-08
9.378152170177680746e-09
7.025607043982058374e-09
5.277961278244140152e-09
3.917389488298367736e-09
2.836699071540999151e-09
1.983659240572232049e-09
5.713345253792180512e-07
5.494051105007313524e-07
4.837787247412021479e-07
3.902025014615058549e-07
3.046479125948540478e-07
2.489999164148086367e-07
1.921121291298145074e-07
1.268239416755368820e-07
9.294981582794746764e-08
6.115892420810887561e-08
4.190020040806431846e-08
2.867514838678413337e-08
2.001311527356912499e-08
1.436246982734089578e-08
1.058054935759337247e-08
7.926228150622213598e-09
5.953505069549395646e-09
4.419370691119097391e-09
3.200621568309908109e-09
2.238877035369100968e-09
6.410199601887511999e-07
6.166127715327026274e-07
5.432139024228098080e-07
4.382982468760254993e-07
3.421508190507793965e-07
2.796104927996581150e-07
2.159173774997831397e-07
1.425402079712458433e-07
1.044574382031197391e-07
6.873298567401198480e-08
4.709545301018489753e-08
3.222184832808013339e-08
2.248456694608964189e-08
1.613334535256085490e-08
1.188220101145240955e-08
8.899659691244479500e-09
6.685017877217845224e-09
4.962773382511945252e-09
3.594740310214947713e-09
2.515093454620147943e-09
-5.525750332384954948e-10
-5.391078098928838095e-10
-4.826731717196695191e-10
-3.941123030814118281e-10
-3.065988676353709268e-10
-2.489269012786207721e-10
-1.981067415691711928e-10
-1.306389392097565007e-10
-9.559758771809889101e-11
-6.264667911439773497e-11
-4.326666707659082239e-11
-2.939424405088880605e-11
-2.034515710590403924e-11
-1.448698478083057325e-11
-1.060412662799484703e-11
-7.913907105433436114e-12
-5.941225473119735197e-12
-4.423540946378876811e-12
-3.221858235873455912e-12
-2.271517340443090521e-12
-8.613681964856017160e-09
-8.675148265951602429e-09
-8.075764270340638387e-09
-6.837861266856174219e-09
-5.356769235195946581e-09
-4.236500478202207382e-09
-3.516635745441792135e-09
-2.469308780279149437e-09
-1.679994366562353731e-09
-1.180332546126609718e-09
-8.054400346637239007e-10
-5.356085347585663098e-10
-3.644448874487875853e-10
-2.542107160919966690e-10
-1.826794815707463642e-10
-1.345700784938230647e-10
-1.005256371724430880e-10
-7.507793676071388282e-11
-5.527290779506573046e-11
-3.963352072440017021e-11
7.809653802045963689e-08
7.727695255812935403e-08
7.039893287801100556e-08
5.841018488583017042e-08
4.553442342375982534e-08
3.653057141010563614e-08
2.971506459697830837e-08
2.010267124257775469e-08
1.424950527286196403e-08
9.609830012553413842e-09
6.629430173793863529e-09
4.454392884381021047e-09
3.055385757736316717e-09
2.155370067744890453e-09
1.564814356725900105e-09
1.161136258135431575e-09
8.701989203113516105e-10
6.489352584736196561e-10
4.750425654780678938e-10
3.375398244837664549e-10
2.173238531550011966e-07
2.169006182809136414e-07
1.997993038598161189e-07
1.676602296706691111e-07
1.312720562118146742e-07
1.045300980583871541e-07
8.559913875433602597e-08
5.941247532252683845e-08
4.109421532156139049e-08
2.846551453998318841e-08
1.938288081771406022e-08
1.297581871501036016e-08
8.877576311202961080e-09
6.226428078984903083e-09
4.493789591997611072e-09
3.320052772512364718e-09
2.482493266392198472e-09
1.851925323274684455e-09
1.359304722033405145e-09
9.703782720785060042e-10
3.102358915251302793e-07
3.101702749263701480e-07
2.863526688745363287e-07
2.408552930835874604e-07
1.887681109196652700e-07
1.500960207611981117e-07
1.230381937256522574e-07
8.585628332403112274e-08
5.910618086402437968e-08
4.115559881482285744e-08
2.794029016837042051e-08
1.869777966307118065e-08
1.278618104948527044e-08
8.957830148421138360e-09
6.457065475261409878e-09
4.766216367384671075e-09
3.562117405600172080e-09
2.657282466651517657e-09
1.951506709049452886e-09
1.394427296930369225e-09
3.820778721694583121e-07
3.822693381413202229e-07
3.532385006843781801e-07
2.973959295111254145e-07
2.331746753597710843e-07
1.852953330044665730e-07
1.519602586344276527e-07
1.062663820800496191e-07
7.301867482797073106e-08
5.094831234194178198e-08
3.454829744177022367e-08
2.311628534918478452e-08
1.580452181432226637e-08
1.106742575601224151e-08
7.974016064352483721e-09
5.883057741158036328e-09
4.396240795330423949e-09
3.279685919516193532e-09
2.408959180123367360e-09
1.721971595569222448e-09
4.465218148186772686e-07
4.469478502907771446e-07
4.132373207216537863e-07
3.481184816182787481e-07
2.730151050043846895e-07
2.168736613137407139e-07
1.779069698938784481e-07
1.245784537854458643e-07
8.550178442589075087e-08
5.973105833934520089e-08
4.047763081516128259e-08
2.707934796691252626e-08
1.851292756069365296e-08
1.295984133782626857e-08
9.334818963081042382e-09
6.885758175009213808e-09
5.144544620039565708e-09
3.837969272211607149e-09
2.819482008914126434e-09
2.015838796151573188e-09
5.162852884511489445e-07
5.169653132576300946e-07
4.781888544777090537e-07
4.030173088205710495e-07
3.161414399275402023e-07
2.510573989917178318e-07
2.059939865002666719e-07
1.443960834729513825e-07
9.900951278654586239e-08
6.924076146371257865e-08
4.689480123449467582e-08
3.137027650028726936e-08
2.144330326252049400e-08
1.500876845021152537e-08
1.080772690574854844e-08
7.970775113096181686e-09
5.954534893602056598e-09
4.442308043069156978e-09
3.263797367158725905e-09
2.333997765502775551e-09
-3.271871226287562454e-11
-3.281786525214811361e-11
-3.041125191551144309e-11
-2.565540462774609520e-11
-2.010084497539331898e-11
-1.593755667344438780e-11
-1.314091846511550878e-11
-9.204356563387603778e-12
-6.284053686301788670e-12
-4.410576014230624303e-12
-2.999882628188185753e-12
-1.998673525857566192e-12
-1.364547178531040227e-12
-9.535880219671758578e-13
-6.867549720086673376e-13
-5.063434447799113625e-13
-3.783802175870191214e-13
-2.824390057390292079e-13
-2.076551851207102567e-13
-1.486161786781714981e-13
-4.462684951199218810e-09
-4.556322580112712617e-09
-4.320605848466840953e-09
-3.737498915615413063e-09
-2.969134132628535613e-09
-2.322824008092279066e-09
-1.918520219619833019e-09
-1.427217919946528355e-09
-9.334800163001605543e-10
-6.885696870269970688e-10
-4.499609404069364810e-10
-3.007524393502198326e-10
-2.048336161693638332e-10
-1.418155212601981666e-10
-1.007492120387987371e-10
-7.351257920397490265e-11
-5.459434214525717560e-11
-4.071872346502683520e-11
-3.006992117075667639e-11
-2.171275693655082389e-11
1.092012345264743786e-08
1.092968505313864315e-08
1.008890971009529390e-08
8.452924497876647626e-09
6.564078186138835407e-09
5.195445968109323118e-09
4.331303724568798680e-09
2.985984130660763097e-09
2.006284323453244175e-09
1.438568357384788113e-09
9.776816496836344220e-10
6.399747438162788559e-10
4.406864247331572244e-10
3.096599905952205580e-10
2.239086441038735395e-10
1.659309906805883417e-10
1.244682528137468731e-10
9.311052491328894549e-11
6.849904367360051442e-11
4.896618539478190070e-11
1.208178643030654768e-07
1.239936594860199602e-07
1.183862592122000293e-07
1.032526238122917326e-07
8.251781324153597926e-08
6.440035859895394685e-08
5.301598902989366829e-08
4.016169811722383657e-08
2.615461697598231654e-08
1.937364601443784032e-08
1.254789108206097140e-08
8.440520263064877099e-09
5.730879944059465066e-09
3.953895355715196749e-09
2.797049821857808776e-09
2.032746827613555580e-09
1.505700604321656464e-09
1.121934025526480724e-09
8.292279576051646307e-10
6.002119502905147643e-10
2.165042748826579675e-07
2.228417873560475460e-07
2.135947900614191601e-07
1.871404789929483025e-07
1.500868090015874270e-07
1.170072586437467402e-07
9.613162184224504564e-08
7.350689085868934720e-08
4.784824588664635685e-08
3.543665711639492802e-08
2.290430932568560128e-08
1.545876305382254825e-08
1.047288554213603821e-08
7.206792346377620187e-09
5.085811171072073925e-09
3.687656548629991001e-09
2.727041897595296117e-09
2.030803593993394447e-09
1.501555365020951931e-09
1.088263990874485948e-09
2.879934266026691435e-07
2.966582878794489948e-07
2.846604297994385667e-07
2.497419298082386474e-07
2.004850610812132488e-07
1.562510846944543094e-07
1.283001099120049560e-07
9.835990276076298950e-08
6.402200098394441717e-08
4.741104175437229084e-08
3.062764703293298973e-08
2.068956680670666744e-08
1.400810465558423994e-08
9.632170867301022354e-09
6.793111060948221634e-09
4.922448088868412028e-09
3.638502369463149659e-09
2.709070660465406634e-09
2.003279344822750923e-09
1.452411261184328850e-09
3.520783307717415556e-07
3.628161612669721452e-07
3.483623028899736165e-07
3.058351884596648279e-07
2.456636173727441366e-07
1.914336654620117069e-07
1.571325551568764132e-07
1.206336466246711878e-07
7.851518965696887460e-08
5.814207748072122770e-08
3.754813647818198501e-08
2.537726504256359218e-08
1.717628205875576550e-08
1.180661918773816791e-08
8.323258257038031418e-09
6.028707775769869892e-09
4.455422404799706246e-09
3.317014605020215513e-09
2.452966107827283458e-09
1.778792298147815766e-09
4.214467468715505875e-07
4.344800348917320151e-07
4.173227329604965489e-07
3.665287823017953668e-07
2.945497641575398081e-07
2.295186354497341863e-07
1.883479502091574659e-07
1.447489356367648238e-07
9.420239196246323661e-08
6.975849392157770638e-08
4.503999488946258423e-08
3.045172319236057486e-08
2.060593993848852701e-08
1.416004053664465906e-08
9.979691612301108759e-09
7.227068432657920505e-09
5.339702425734258476e-09
3.975221598796365709e-09
2.939781590384613969e-09
2.132098391648066146e-09
-7.028594377899821127e-13
-7.161018493679269852e-13
-6.769937930839576393e-13
-5.833755083908846025e-13
-4.617880433515925534e-13
-3.614112834493075545e-13
-2.994394348533885386e-13
-2.208559551411263905e-13
-1.441404121596124169e-13
-1.067251881083655813e-13
-6.993314681725184507e-14
-4.643773641248680292e-14
-3.174499162437713007e-14
-2.202254398497362599e-14
-1.567811629191084428e-14
-1.146410789851840209e-14
-8.527561389618962645e-15
-6.364977856353027335e-15
-4.699646738781547090e-15
-3.390111164120782933e-15
-8.560302632687693270e-10
-8.900067253675995821e-10
-8.643560716311614659e-10
-7.689954903370673122e-10
-6.238032845637772147e-10
-4.845904634006209346e-10
-3.954863637922207513e-10
-3.117803239215706517e-10
-2.024332068147876068e-10
-1.500980860412777060e-10
-9.613201788348555896e-11
-6.562615276146076287e-11
-4.415820620982861592e-11
-3.014635720224338288e-11
-2.111237856512974422e-11
-1.519421888900209781e-11
-1.117802028307506217e-11
-8.307790610959937157e-12
-6.149782933451625968e-12
-4.477236277565802264e-12
-5.783414725818839162e-09
-6.120425043612599200e-09
-6.085536667516533221e-09
-5.571151735830437754e-09
-4.633864553567012248e-09
-3.603625320752688171e-09
-2.886099291697168372e-09
-2.373081923656920934e-09
-1.590689268568204405e-09
-1.129711623621123752e-09
-7.473114910268020382e-10
-5.173240363759926278e-10
-3.416204916841656449e-10
-2.284730615831169824e-10
-1.575158978868984702e-10
-1.116062006574549963e-10
-8.112618885430363718e-11
-5.991998623208134385e-11
-4.437683972445925976e-11
-3.250742999467128528e-11
4.873111549368158767e-08
5.097855480568950685e-08
4.991688558303663610e-08
4.485553489975449983e-08
3.670211484890281547e-08
2.850789890285049626e-08
2.311415657661579732e-08
1.852427894473790018e-08
1.213770753723430803e-08
8.879453632869229623e-09
5.734119326385102187e-09
3.944086916289957336e-09
2.635671194655223166e-09
1.784814743459966825e-09
1.243437985161446235e-09
8.900265750188419549e-10
6.521215871605333562e-10
4.837246441318419689e-10
3.582154821939295940e-10
2.613773922666033358e-10
1.427848663084968983e-07
1.501743095336056778e-07
1.481098121236512465e-07
1.343078196830344705e-07
1.108570661277346587e-07
8.625910819217255837e-08
6.947863057516860812e-08
5.626310144107974949e-08
3.748210022048308960e-08
2.687943221842424788e-08
1.770134778612740938e-08
1.215758085225311588e-08
8.073661031018253390e-09
5.439337672754856082e-09
3.766265399961591362e-09
2.681457308608044219e-09
1.956080370156790767e-09
1.447241883012437892e-09
1.071429450694400465e-09
7.830684728389521812e-10
2.134279708899878086e-07
2.247192194104339066e-07
2.219641246776530010e-07
2.016591802660322539e-07
1.667479498113548928e-07
1.298068733054038253e-07
1.043973898464943798e-07
8.471644358223421664e-08
5.664470325029923179e-08
4.045075376615159097e-08
2.675712843781944261e-08
1.835890308099348365e-08
1.217969404829872088e-08
8.197956101677847454e-09
5.669378557527258450e-09
4.031711036059310744e-09
2.938357539777004076e-09
2.172785442154134088e-09
1.608391093677106262e-09
1.175898237070156938e-09
2.762044453596654119e-07
2.909561680347589256e-07
2.875825534660766315e-07
2.614768039834762763e-07
2.163900701791286581e-07
1.684745230251106044e-07
1.354428597863660077e-07
1.099723467640820692e-07
7.365341879508565942e-08
5.250086021003475286e-08
3.478982583046493282e-08
2.386483321161438877e-08
1.582473397832162340e-08
1.064688683998312119e-08
7.359009181145911369e-09
5.230768895751244461e-09
3.810803219305926795e-09
2.817188590044843936e-09
2.085312658757124701e-09
1.524791435827207234e-09
3.441581484329317060e-07
3.626639259962639961e-07
3.585952314448665281e-07
3.262066420191161595e-07
2.701144769644540663e-07
2.103322602812097476e-07
1.690274946115541755e-07
1.373271669239917563e-07
9.206251637294732270e-08
6.554579939911830720e-08
4.348652741916637281e-08
2.982424758454901634e-08
1.976932425690341596e-08
1.329777106843746377e-08
9.187765809580269278e-09
6.528700078528012196e-09
4.755003907570306324e-09
3.514735908087421921e-09
2.601666748637390309e-09
1.902409290423828931e-09
-1.912203449907109223e-15
-1.959646347094470343e-15
-1.866718747097695451e-15
-1.622209321365779646e-15
-1.290741986510859521e-15
-1.005988237540942399e-15
-8.324852058352291828e-16
-6.268795707893089987e-16
-4.038153787175673311e-16
-3.037494333789550418e-16
-1.955763958593127396e-16
-1.302105481769651024e-16
-8.901218615219485965e-17
-6.173799052025457843e-17
-4.372759491009547554e-17
-3.185650612069929003e-17
-2.364313403635615448e-17
-1.763921472241826675e-17
-1.304104658097914015e-17
-9.433717543162519083e-18
-9.099716551942233439e-11
-9.609291381979746584e-11
-9.528004432498989780e-11
-8.696199918053225902e-11
-7.219556975484076128e-11
-5.620742046845479476e-11
-4.506961608543230951e-11
-3.681466270530604709e-11
-2.474142252533472668e-11
-1.753627145326708189e-11
-1.166534301377949954e-11
-8.030284354448337900e-12
-5.307448011243834587e-12
-3.560394552127593899e-12
-2.455677694439291033e-12
-1.742530416325657709e-12
-1.267335234010795270e-12
-9.362318263029485906e-13
-6.930727777625584579e-13
-5.072426879197629638e-13
-3.551230221728854316e-09
-3.785418340686930477e-09
-3.800519348809814715e-09
-3.524885331248542586e-09
-2.974044230312408564e-09
-2.328333598548285486e-09
-1.845836932855247440e-09
-1.524514071963451195e-09
-1.063313265428616133e-09
-7.241348419074299089e-10
-5.040625873377436759e-10
-3.412888676966519936e-10
-2.237711986849053145e-10
-1.495238772289230875e-10
-1.019755323784241690e-10
-7.164195410909203127e-11
-5.167169225407528018e-11
-3.796304488337168632e-11
-2.805914487194318264e-11
-2.058087217300901683e-11
8.563728306942150549e-09
9.023428362269407096e-09
8.918133633562941454e-09
8.100257031020529231e-09
6.681174705022025098e-09
5.175174739578578411e-09
4.162868432560899430e-09
3.412525823719328282e-09
2.244152817815361925e-09
1.612636590944117931e-09
1.051820787084640392e-09
7.410029127675143699e-10
4.885719523259279684e-10
3.263762796086122937e-10
2.253285381876285074e-10
1.606429334954492182e-10
1.173488521887852828e-10
8.696428213735893008e-11
6.449234678332125935e-11
4.721123031735910928e-11
8.510785512976108027e-08
9.097372311262826925e-08
9.169120136064930265e-08
8.545713084994302549e-08
7.250309704683498475e-08
5.692663170610199312e-08
4.497877467502985379e-08
3.717557071643952841e-08
2.630415502667569291e-08
1.769680975463898205e-08
1.250737223508781404e-08
8.375210569049930466e-09
5.488056262603178391e-09
3.670450555322384511e-09
2.497103605512773627e-09
1.748231114397621615e-09
1.256918850890700519e-09
9.214135622885941670e-10
6.803602320206413567e-10
4.992229949654730284e-10
1.565710196679634281e-07
1.676662332720074907e-07
1.694039284833896092e-07
1.583923193897163110e-07
1.348497316448880547e-07
1.060882011488026764e-07
8.365630335200528570e-08
6.916770179351968372e-08
4.937699412413536256e-08
3.299574267267250242e-08
2.351303382377464421e-08
1.564388676100897039e-08
1.025289911756934118e-08
6.857438420249470479e-09
4.659080359503637405e-09
3.254221866891405849e-09
2.334929068662969364e-09
1.709181091893423228e-09
1.261201615337332325e-09
9.255541742383329822e-10
2.182677784016376074e-07
2.338681930698709261e-07
2.364641448876063667e-07
2.213026776495445151e-07
1.886125222754351391e-07
1.484613414201299445e-07
1.170067529912693675e-07
9.675024842443955667e-08
6.924788198591302933e-08
4.618475059725791898e-08
3.299044141718437086e-08
2.190855333028082838e-08
1.435888852486602422e-08
9.604179501662339035e-09
6.522540834452339635e-09
4.552691647548210640e-09
3.264620886117754227e-09
2.388660833877063025e-09
1.762233459812291967e-09
1.293313314140294372e-09
2.850308736355553917e-07
3.054990990974088848e-07
3.090292584851669364e-07
2.893728444541294055e-07
2.467832565106125264e-07
1.943217346101517389e-07
1.530915669579750125e-07
1.265951995776650982e-07
9.074751217102613265e-08
6.045195864290826148e-08
4.324457481917568564e-08
2.868658565605542050e-08
1.880259519823455804e-08
1.257579073898938221e-08
8.538970602404227042e-09
5.957569966151509325e-09
4.270517955308975061e-09
3.123839901200982920e-09
2.304343291986293813e-09
1.691176230504619985e-09
-2.726208497663315011e-19
-2.799871144310760064e-19
-2.674621524488924168e-19
-2.331767978049133928e-19
-1.859289626530336671e-19
-1.447182767140404499e-19
-1.196445651399569701e-19
-9.079257629741861231e-20
-5.827185910230411363e-20
-4.401839669311047706e-20
-2.816224379648714804e-20
-1.878749530326295958e-20
-1.283419631738597681e-20
-8.903399432013368379e-21
-6.293077669219740928e-21
-4.577945928545188800e-21
-3.394340265773632346e-21
-2.531686171962719487e-21
-1.872503856952183362e-21
-1.355951304731429688e-21
-5.403197234669519472e-12
-5.770705066963077362e-12
-5.809158523733943744e-12
-5.405545854153284914e-12
-4.575382616912154055e-12
-3.585257183906048069e-12
-2.835253369879337196e-12
-2.346940162219316562e-12
-1.649256368334642349e-12
-1.113043414635464113e-12
-7.832035712421608649e-13
-5.283786383150601117e-13
-3.454774862613527924e-13
-2.309773651303198265e-13
-1.570850866584443542e-13
-1.101374847976163745e-13
-7.930662960256960979e-14
-5.820666466122567824e-14
-4.300918791477472324e-14
-3.156217661281568858e-14
-9.042549166936129411e-10
-9.743017729208817199e-10
-9.925639795727449596e-10
-9.379306856745239525e-10
-8.076963241148059845e-10
-6.392640268409188503e-10
-5.007782540090119665e-10
-4.146539286903610651e-10
-3.044230720672597455e-10
-1.989199150897759338e-10
-1.457035798357442354e-10
-9.497624051972801436e-11
-6.222389704116659495e-11
-4.164864147982294581e-11
-2.817292002305349487e-11
-1.953419316315844808e-11
-1.392494440672750834e-11
-1.014537718355664193e-11
-7.470840975529616381e-12
-5.486257360775314067e-12
-3.717139094131224661e-09
-4.061889954407383642e-09
-4.216227031009378963e-09
-4.082295338549612187e-09
-3.613418211172716915e-09
-2.912064516611812217e-09
-2.256475871544153527e-09
-1.855173833191811654e-09
-1.452201888404454163e-09
-9.215871855706521466e-10
-6.991071101307192769e-10
-4.357374073252802924e-10
-2.901598096870282954e-10
-1.932801675980839235e-10
-1.299129923010093080e-10
-8.849595800159822699e-11
-6.204659755567030087e-11
-4.461939533772176884e-11
-3.261771608615538383e-11
-2.394171063361966923e-11
4.000850895969108850e-08
4.328091596538177860e-08
4.432808070211668491e-08
4.218350828029734149e-08
3.661904192318745116e-08
2.913264489151711509e-08
2.274285979720414165e-08
1.879913978344742444e-08
1.407376137558641690e-08
9.102693683409035450e-09
6.750485804223460365e-09
4.335580078079556670e-09
2.852535900728253214e-09
1.907485368743349952e-09
1.288482658434611501e-09
8.885822720113585493e-10
6.304253893381349507e-10
4.575681701807846331e-10
3.362605844928647743e-10
2.469218644373401630e-10
1.112907867759238349e-07
1.207854969559778272e-07
1.242484313175561628e-07
1.189263556570489559e-07
1.039454433802128813e-07
8.311471492270902303e-08
6.475657815680658385e-08
5.337754020678953711e-08
4.057655920164929070e-08
2.615807941611587438e-08
1.946674056812006371e-08
1.240470427987762816e-08
8.213210300362870595e-09
5.476782803214721900e-09
3.688644360290264064e-09
2.533311969915547030e-09
1.789372684899886602e-09
1.294238936276562591e-09
9.491381729463100234e-10
6.966984958480067448e-10
1.720083590496927953e-07
1.868272135049260685e-07
1.923687418503489030e-07
1.843630746469737955e-07
1.613768622818847616e-07
1.291745197191330559e-07
1.006054518211765003e-07
8.286824103821272544e-08
6.319749522283150085e-08
4.072349688255553645e-08
3.031878661966321128e-08
1.929349049121868235e-08
1.279236525447999974e-08
8.524576738181498326e-09
5.737262613087014411e-09
3.936787507634102852e-09
2.778089056458162977e-09
2.007805971980664078e-09
1.471716691630106325e-09
1.080118367348449350e-09
2.374840280542036300e-07
2.580105029379971258e-07
2.657702510257210959e-07
2.548534920485683899e-07
2.232402602568510377e-07
1.787968658348665593e-07
1.392205415850766816e-07
1.146485131863395623e-07
8.756580018764874811e-08
5.641339177178222179e-08
4.200586711964864451e-08
2.671401577527641051e-08
1.772405480699829343e-08
1.180751772854369415e-08
7.943942430230489783e-09
5.448769686610184958e-09
3.843263490376036160e-09
2.776624989596237810e-09
2.034780518670189415e-09
1.493317869173520001e-09
-1.408990009362418829e-24
-1.448465938426255401e-24
-1.385434221093602084e-24
-1.209614732599623100e-24
-9.655045120093851947e-25
-7.510884008174610780e-25
-6.206230387085408720e-25
-4.725958481097941123e-25
-3.029126413369214525e-25
-2.291563211341906334e-25
-1.462129223982427434e-25
-9.765499135161191297e-26
-6.667557569354407529e-26
-4.625663911189367300e-26
-3.266410557704092977e-26
-2.374561627504850461e-26
-1.759796224675411862e-26
-1.312357263097181676e-26
-9.708206314837976522e-27
-7.033108676881834744e-27
-1.060560974138496904e-13
-1.139081996849181373e-13
-1.155407558276913926e-13
-1.085482106317970290e-13
-9.283277853991110683e-14
-7.311263004550117848e-14
-5.743705966779810639e-14
-4.767059024763250829e-14
-3.438818695579983055e-14
-2.264708284227919731e-14
-1.642901353490077161e-14
-1.086659115175746093e-14
-7.083447166000644888e-15
-4.747404100285334779e-15
-3.209710086257940704e-15
-2.237102357125778561e-15
-1.601521752025673241e-15
-1.170755192316006471e-15
-8.636893166920287058e-16
-6.343694409899539685e-16
-1.378060287421552553e-10
-1.499425567504319035e-10
-1.547685761003179098e-10
-1.487964836514852644e-10
-1.307096340954177028e-10
-1.048725528778387772e-10
-8.155519069656645725e-11
-6.712019064117902527e-11
-5.161988962287570514e-11
-3.312151993951650475e-11
-2.478954179537395328e-11
-1.566629791602371429e-11
-1.041034428664641736e-11
-6.933535496418451923e-12
-4.664718823794048283e-12
-3.193444381000364804e-12
-2.248797019743762152e-12
-1.622552304368247013e-12
-1.188249507553415944e-12
-8.720527045232577977e-13
-3.195863429593654909e-09
-3.500889112900654257e-09
-3.646418464237117785e-09
-3.548091228840861671e-09
-3.161846574863823261e-09
-2.566216126916533081e-09
-1.991164467415381362e-09
-1.625657424933214011e-09
-1.286212912843096884e-09
-8.278631574150159049e-10
-6.157749001083112829e-10
-3.873291082574876994e-10
-2.615493687889464517e-10
-1.727116981349496590e-10
-1.150504860432240795e-10
-7.817171801926818656e-11
-5.453134670859004124e-11
-3.902845033529513146e-11
-2.843435073207522386e-11
-2.083399756919126844e-11
1.097178847300880643e-08
1.195374946169483277e-08
1.235876532614785876e-08
1.190630793616997916e-08
1.048128973674506785e-08
8.417836138367204747e-09
6.535686825048268078e-09
5.378091701009964067e-09
4.163441729191939151e-09
2.654119518235250968e-09
2.001662760259428432e-09
1.251382464813210825e-09
8.344108159920950194e-10
5.556123608960282766e-10
3.741783640134718315e-10
2.559436609153830525e-10
1.800700716543224833e-10
1.298352282560544040e-10
9.506183853928941577e-11
6.978541380266553235e-11
7.423300839987677963e-08
8.142699177315935151e-08
8.497155484292262549e-08
8.289009044688409299e-08
7.410682350348712689e-08
6.033038819883626234e-08
4.682906510142876712e-08
3.813711028583698681e-08
3.031580197067057896e-08
1.961656002834591946e-08
1.448713001325715191e-08
9.164928548854886794e-09
6.207608081914485084e-09
4.088251163629850941e-09
2.712774639218669928e-09
1.839922551610353745e-09
1.280274999982018651e-09
9.143534638807685686e-10
6.651673320981247913e-10
4.869975913611688050e-10
1.346917227642616785e-07
1.479014765649460164e-07
1.545510824245279881e-07
1.510426756200345465e-07
1.353462631722364745e-07
1.104143642812143914e-07
8.571341394383487406e-08
6.969365187302872573e-08
5.559338249140727898e-08
3.607596654335569489e-08
2.654043302072195677e-08
1.684133100357561527e-08
1.142573277351011997e-08
7.512919933167750652e-09
4.974529253518539660e-09
3.368665077962518198e-09
2.340700836514763009e-09
1.669366827923251132e-09
1.213008523681861304e-09
8.876946005694609954e-10
1.988172989474747446e-07
2.183905971638272964e-07
2.283130245858713504e-07
2.232749645890886981e-07
2.002354593754126157e-07
1.634721278068252002e-07
1.269032697336039111e-07
1.031271605459230104e-07
8.236441898339404490e-08
5.350435827973573656e-08
3.930892297761696585e-08
2.496801742907134656e-08
1.694980617889084112e-08
1.113927216550391198e-08
7.370294019479610659e-09
4.989379273277806415e-09
3.464172158479479232e-09
2.469284939695388320e-09
1.793749967079988130e-09
1.312474863581230543e-09
7.136949324659330957e-05
5.619805785807868606e-05
4.504666592955011885e-05
3.610639438413061457e-05
2.533089367305203009e-05
1.775429254211118138e-05
1.245576962107532669e-05
8.577965165682169445e-06
5.960062045142945466e-06
4.238456220571836346e-06
3.096891756095799112e-06
2.322116337922849640e-06
1.769492947648063314e-06
1.350231488821220980e-06
1.015688801724986514e-06
7.428173452397405338e-07
5.225467170178401348e-07
3.514449424971520217e-07
2.259413919452051117e-07
1.395120599829995902e-07
4.899977749956774872e-05
4.122259707495750216e-05
3.239871293348737570e-05
2.578442732599963769e-05
2.104909194438407373e-05
1.485655262671060228e-05
1.026030030615271230e-05
7.248567577871800992e-06
4.956802838307093536e-06
3.398888899571661947e-06
2.387274970682666672e-06
1.721283389955137145e-06
1.275567003404105404e-06
9.639517765592085937e-07
7.326611845345318982e-07
5.514488588822961113e-07
4.052346642506520979e-07
2.874362317636992763e-07
1.952926856387424329e-07
1.267973377759587290e-07
3.452086138572189411e-05
3.138761333509806499e-05
2.602428331442496008e-05
2.030767005046096123e-05
1.630078569719107788e-05
1.322941666345518440e-05
8.995526294047136940e-06
6.386962207127529093e-06
4.346915517864212582e-06
3.011413580199542123e-06
2.050259429456377312e-06
1.428952972412551713e-06
1.024905656597681379e-06
7.558818438697178972e-07
5.683344783513840468e-07
4.297278137720858623e-07
3.218237984913769075e-07
2.354555992570896820e-07
1.664442935868262610e-07
1.128186661362276392e-07
2.523919366996813104e-05
2.428832197166339642e-05
2.139936519710216605e-05
1.723874653829919306e-05
1.341786088777221621e-05
1.099481351996525310e-05
8.528881137278169285e-06
5.557820561559942893e-06
4.136057482001090784e-06
2.683675675736408950e-06
1.840507178256522646e-06
1.262111278589964371e-06
8.819045812504774597e-07
6.330130434684698909e-07
4.664208118612843236e-07
3.495609365938014581e-07
2.627532947026364662e-07
1.951907650989696177e-07
1.414841654781035793e-07
9.900437008417434562e-08
1.918269613835830629e-05
1.921273068944697561e-05
1.777995146823949660e-05
1.498270246095891643e-05
1.173206939006073481e-05
9.306100158041433968e-06
7.672304257650299265e-06
5.361200131937740186e-06
3.668522008282662420e-06
2.566961744778747565e-06
1.749857098371831352e-06
1.166245358782783328e-06
7.957994111433837784e-07
5.562806740898113918e-07
4.006786533862571844e-07
2.955941962539679956e-07
2.209297095798762777e-07
1.649109059460360504e-07
1.212285968207565791e-07
8.674691807961393315e-08
1.531436850545874528e-05
1.578874835157759757e-05
1.517312193532211487e-05
1.333304058253378080e-05
1.070616284574233871e-05
8.327318824324674902e-06
6.844122922692811298e-06
5.277943976776915740e-06
3.405912822200842526e-06
2.549178516612949546e-06
1.630180878901293625e-06
1.101021422832705509e-06
7.465354697146729202e-07
5.140558418393670738e-07
3.621565785924419313e-07
2.623033691978901417e-07
1.938559586554606624e-07
1.443782385725937568e-07
1.068224265511433999e-07
7.751566474496731958e-08
1.240924594071023026e-05
1.307483452757476791e-05
1.293394976484667089e-05
1.177349427308332591e-05
9.748553994164379358e-06
7.581898750160880470e-06
6.090294193546451824e-06
4.966917453238217357e-06
3.317291627959708870e-06
2.367457624956047578e-06
1.562105345974222414e-06
1.078506703557027705e-06
7.142728440074221753e-07
4.790642855912382441e-07
3.311205070626265482e-07
2.352455466787649638e-07
1.713503929971976497e-07
1.266886863218559792e-07
9.381101252301404177e-08
6.863366959404130015e-08
1.044738785450972442e-05
1.119544508443092892e-05
1.132842999912085965e-05
1.061479095908401330e-05
9.055858078240541003e-06
7.126515932176547142e-06
5.608224395349326151e-06
4.647548606037145255e-06
3.334081395265853929e-06
2.211600057433451561e-06
1.589865178012436257e-06
1.055644313493578615e-06
6.898653635834484539e-07
4.616286285027933422e-07
3.128649181883135391e-07
2.182918564386646394e-07
1.564575863192264594e-07
1.144573132648269563e-07
8.445306979825938138e-08
6.200152918294617322e-08
8.975345131787130549e-06
9.747651023302053401e-06
1.004376906769703697e-05
9.636985714490132936e-06
8.446767399426173794e-06
6.764668227553477425e-06
5.260937453168665558e-06
4.335463459308296216e-06
3.320569076072932579e-06
2.128190854507854566e-06
1.595450395818834545e-06
1.008712456954439530e-06
6.682599326651775621e-07
4.457952001024133641e-07
3.004804477518641186e-07
2.059051834968753687e-07
1.452020327772285542e-07
1.048916522512206469e-07
7.687627546950935478e-08
5.643792920665095842e-08
7.842645258417358276e-06
8.612354371690884630e-06
9.004950839954226069e-06
8.810776086603638304e-06
7.907370371382094949e-06
6.456982900550166942e-06
5.008682167380174016e-06
4.069481941058957929e-06
3.259638018462014698e-06
2.111236716853666482e-06
1.556083636129295506e-06
9.829445073881692890e-07
6.693052225180644963e-07
4.396994404368256708e-07
2.907714257071206108e-07
1.969087166433201821e-07
1.366610475136248117e-07
9.739081579360582030e-08
7.073624903582970101e-08
5.177343631628684371e-08
