1.023292992280753645e-05
1.034157329139407277e-05
1.045137013035780225e-05
1.056233268613334994e-05
1.067447333517613667e-05
1.078780458534290549e-05
1.090233907728667658e-05
1.101808958586673348e-05
1.113506902157349179e-05
1.125329043196847547e-05
1.137276700313962622e-05
1.149351206117200674e-05
1.161553907363425210e-05
1.173886165108057091e-05
1.186349354856890957e-05
1.198944866719514577e-05
1.211674105564356370e-05
1.224538491175381412e-05
1.237539458410447132e-05
1.250678457361353910e-05
1.263956953515568910e-05
1.277376427919692935e-05
1.290938377344648792e-05
1.304644314452628269e-05
1.318495767965806697e-05
1.332494282836863046e-05
1.346641420421284392e-05
1.360938758651524861e-05
1.375387892213002138e-05
1.389990432721963376e-05
1.404748008905241001e-05
1.419662266781913328e-05
1.434734869846908270e-05
1.449967499256527949e-05
1.465361854015971960e-05
1.480919651168835759e-05
1.496642625988626163e-05
1.512532532172308376e-05
1.528591142035905215e-05
1.544820246712189346e-05
1.561221656350441939e-05
1.577797200318364494e-05
1.594548727406117891e-05
1.611478106032532902e-05
1.628587224453505368e-05
1.645877990972607213e-05
1.663352334153943795e-05
1.681012203037242670e-05
1.698859567355255786e-05
1.716896417753455427e-05
1.735124766012066289e-05
1.753546645270451620e-05
1.772164110253882232e-05
1.790979237502728040e-05
1.809994125604049057e-05
1.829210895425679734e-05
1.848631690352780862e-05
1.868258676526907846e-05
1.888094043087614320e-05
1.908140002416620909e-05
1.928398790384592185e-05
1.948872666600496724e-05
1.969563914663653283e-05
1.990474842418432590e-05
2.011607782211668620e-05
2.032965091152802071e-05
2.054549151376781088e-05
2.076362370309775166e-05
2.098407180937667311e-05
2.120686042077439329e-05
2.143201438651418060e-05
2.165955881964436074e-05
2.188951909983933951e-05
2.212192087623037330e-05
2.235679007026655508e-05
2.259415287860575136e-05
2.283403577603670322e-05
2.307646551843188146e-05
2.332146914573178355e-05
2.356907398496086895e-05
2.381930765327553269e-05
2.407219806104458459e-05
2.432777341496205467e-05
2.458606222119345304e-05
2.484709328855522659e-05
2.511089573172801918e-05
2.537749897450403670e-05
2.564693275306885250e-05
2.591922711931829017e-05
2.619441244421004142e-05
2.647251942115133372e-05
2.675357906942236636e-05
2.703762273763610132e-05
2.732468210723474066e-05
2.761478919602361915e-05
2.790797636174203769e-05
2.820427630567258928e-05
2.850372207628849982e-05
2.880634707293978336e-05
2.911218504957849301e-05
2.942127011852348423e-05
2.973363675426546641e-05
3.004931979731181415e-05
3.036835445807282221e-05
3.069077632078892967e-05
3.101662134749968601e-05
3.134592588205482134e-05
3.167872665416793270e-05
3.201506078351342653e-05
3.235496578386638203e-05
3.269847956728697528e-05
3.304564044834903031e-05
3.339648714841352391e-05
3.375105879994736954e-05
3.410939495088844228e-05
3.447153556905622855e-05
3.483752104660999086e-05
3.520739220455393955e-05
3.558119029729028560e-05
3.595895701722064890e-05
3.634073449939622839e-05
3.672656532621774403e-05
3.711649253218448621e-05
3.751055960869460054e-05
3.790881050889587616e-05
3.831128965258820976e-05
3.871804193117800978e-05
3.912911271268523848e-05
3.954454784680390530e-05
3.996439367001555732e-05
4.038869701075784718e-05
4.081750519464756187e-05
4.125086604975916263e-05
4.168882791195945947e-05
4.213143963029869802e-05
4.257875057245945474e-05
4.303081063026240527e-05
4.348767022523152063e-05
4.394938031421778327e-05
4.441599239508283229e-05
4.488755851244288363e-05
4.536413126347352818e-05
4.584576380377664788e-05
4.633250985330871798e-05
4.682442370237291466e-05
4.732156021767442480e-05
4.782397484844014382e-05
4.833172363260331049e-05
4.884486320305371558e-05
4.936345079395480583e-05
4.988754424712678196e-05
5.041720201849855701e-05
5.095248318462764679e-05
5.149344744928940182e-05
5.204015515013621769e-05
5.259266726542729316e-05
5.315104542083044705e-05
5.371535189629498419e-05
5.428564963299868700e-05
5.486200224036799741e-05
5.544447400317279877e-05
5.603312988869661742e-05
5.662803555398271182e-05
5.722925735315780396e-05
5.783686234483227418e-05
5.845091829958023463e-05
5.907149370749826151e-05
5.969865778584468362e-05
6.033248048675980652e-05
6.097303250506812277e-05
6.162038528616383629e-05
6.227461103397902327e-05
6.293578271903748570e-05
6.360397408659360639e-05
6.427925966485763514e-05
6.496171477330841594e-05
6.565141553109415126e-05
6.634843886552306037e-05
6.705286252064282017e-05
6.776476506591247494e-05
6.848422590496570375e-05
6.921132528446732911e-05
6.994614430306371770e-05
7.068876492042826547e-05
7.143926996640341748e-05
7.219774315023850413e-05
7.296426906992695800e-05
7.373893322164203046e-05
7.452182200927274288e-05
7.531302275406123769e-05
7.611262370434208522e-05
7.692071404538593140e-05
7.773738390934603626e-05
7.856272438531199933e-05
7.939682752946939813e-05
8.023978637536748081e-05
8.109169494429594328e-05
8.195264825577149514e-05
8.282274233813689823e-05
8.370207423927058014e-05
8.459074203741181010e-05
8.548884485209987886e-05
8.639648285522966750e-05
8.731375728222447283e-05
8.824077044332737671e-05
8.917762573501340903e-05
9.012442765152093227e-05
9.108128179650745184e-05
9.204829489482810388e-05
9.302557480443950392e-05
9.401323052842987802e-05
9.501137222717680447e-05
9.602011123063495135e-05
9.703956005075234630e-05
9.806983239402046384e-05
9.911104317415647702e-05
1.001633085249203431e-04
1.012267458130684447e-04
1.023014736514436503e-04
1.033876119122058605e-04
1.044852817402015219e-04
1.055946055664761473e-04
1.067157071219298960e-04
1.078487114511180313e-04
1.089937449261984761e-04
1.101509352610262658e-04
1.113204115253992456e-04
1.125023041594534436e-04
1.136967449882123862e-04
1.149038672362903701e-04
1.161238055427519275e-04
1.173566959761295305e-04
1.186026760495993861e-04
1.198618847363203756e-04
1.211344624849337821e-04
1.224205512352290496e-04
1.237202944339753168e-04
1.250338370509207714e-04
1.263613255949627126e-04
1.277029081304884158e-04
1.290587342938896188e-04
1.304289553102528385e-04
1.318137240102266019e-04
1.332131948470676797e-04
1.346275239138681372e-04
1.360568689609661301e-04
1.375013894135405815e-04
1.389612463893926937e-04
1.404366027169170333e-04
1.419276229532628929e-04
1.434344734026882890e-04
1.449573221351096585e-04
1.464963390048470092e-04
1.480516956695700009e-04
1.496235656094432745e-04
1.512121241464765072e-04
1.528175484640791634e-04
1.544400176268228447e-04
1.560797126004144345e-04
1.577368162718791999e-04
1.594115134699609492e-04
1.611039909857361310e-04
1.628144375934486221e-04
1.645430440715648789e-04
1.662900032240527881e-04
1.680555099018871145e-04
1.698397610247813581e-04
1.716429556031531475e-04
1.734652947603199731e-04
1.753069817549326851e-04
1.771682220036462422e-04
1.790492231040310717e-04
1.809501948577287012e-04
1.828713492938511718e-04
1.848129006926316350e-04
1.867750656093232584e-04
1.887580628983539491e-04
1.907621137377366234e-04
1.927874416537386012e-04
1.948342725458137561e-04
1.969028347117975314e-04
1.989933588733720565e-04
2.011060782017989000e-04
2.032412283439271553e-04
2.053990474484766152e-04
2.075797761925999934e-04
2.097836578087281770e-04
2.120109381116983742e-04
2.142618655261731807e-04
2.165366911143476914e-04
2.188356686039532228e-04
2.211590544165571042e-04
2.235071076961630361e-04
2.258800903381159473e-04
2.282782670183126786e-04
2.307019052227226935e-04
2.331512752772233702e-04
2.356266503777513122e-04
2.381283066207736060e-04
2.406565230340829576e-04
2.432115816079200954e-04
2.457937673264258788e-04
2.484033681994270702e-04
2.510406752945608931e-04
2.537059827697397854e-04
2.563995879059603874e-04
2.591217911404628351e-04
2.618728961002386789e-04
2.646532096358987030e-04
2.674630418558964179e-04
2.703027061611176329e-04
2.731725192798362188e-04
2.760728013030406668e-04
2.790038757201373002e-04
2.819660694550296491e-04
2.849597129025843983e-04
2.879851399654813045e-04
2.910426880914565172e-04
2.941326983109403314e-04
2.972555152750945779e-04
3.004114872942553424e-04
3.036009663767801460e-04
3.068243082683125983e-04
3.100818724914591548e-04
3.133740223858904488e-04
3.167011251488668173e-04
3.200635518761942000e-04
3.234616776036164853e-04
3.268958813486436501e-04
3.303665461528288686e-04
3.338740591244896555e-04
3.374188114818861637e-04
3.410011985968563098e-04
3.446216200389139628e-04
3.482804796198174058e-04
3.519781854386067142e-04
3.557151499271249059e-04
3.594917898960171701e-04
3.633085265812217271e-04
3.671657856909534587e-04
3.710639974531854579e-04
3.750035966636371728e-04
3.789850227342676792e-04
3.830087197422893711e-04
3.870751364796965930e-04
3.911847265033239584e-04
3.953379481854347901e-04
3.995352647648458058e-04
4.037771443985972665e-04
4.080640602141685867e-04
4.123964903622491106e-04
4.167749180700710469e-04
4.211998316953065140e-04
4.256717247805379654e-04
4.301910961083058992e-04
4.347584497567430657e-04
4.393742951557971267e-04
4.440391471440500049e-04
4.487535260261431942e-04
4.535179576308101686e-04
4.583329733695258655e-04
4.631991102957804516e-04
4.681169111649775903e-04
4.730869244949755317e-04
4.781097046272641420e-04
4.831858117887963570e-04
4.883158121544738973e-04
4.935002779102964617e-04
4.987397873171836669e-04
5.040349247754689769e-04
5.093862808900865994e-04
5.147944525364417552e-04
5.202600429269870885e-04
5.257836616785027239e-04
5.313659248800901630e-04
5.370074551618920534e-04
5.427088817645340374e-04
5.484708406093137230e-04
5.542939743691252877e-04
5.601789325401433477e-04
5.661263715142659863e-04
5.721369546523261563e-04
5.782113523580829483e-04
5.843502421529930520e-04
5.905543087517842009e-04
5.968242441388219282e-04
6.031607476452942448e-04
6.095645260272125046e-04
6.160362935442401664e-04
6.225767720393620298e-04
6.291866910193921010e-04
6.358667877363457848e-04
6.426178072696666450e-04
6.494405026093329940e-04
6.563356347398434463e-04
6.633039727250946609e-04
6.703462937941629838e-04
6.774633834279899895e-04
6.846560354469980510e-04
6.919250520996263979e-04
6.992712441518137909e-04
7.066954309774291145e-04
7.141984406496609469e-04
7.217811100333808511e-04
7.294442848784835325e-04
7.371888199142177410e-04
7.450155789445230946e-04
7.529254349443748875e-04
7.609192701571541179e-04
7.689979761930490270e-04
7.771624541285056037e-04
7.854136146067292219e-04
7.937523779392541105e-04
8.021796742085942050e-04
8.106964433719817797e-04
8.193036353662063289e-04
8.280022102135711510e-04
8.367931381289664449e-04
8.456773996280902506e-04
8.546559856368070437e-04
8.637298976016761836e-04
8.729001476016493488e-04
8.821677584609545226e-04
8.915337638631822513e-04
9.009992084665737399e-04
9.105651480205462396e-04
9.202326494834419572e-04
9.300027911415376753e-04
9.398766627293124801e-04
9.498553655509926795e-04
9.599400126033927772e-04
9.701317287000482724e-04
9.804316505966830051e-04
9.908409271179921800e-04
1.001360719285783463e-03
1.011992200448472677e-03
1.022736556411954923e-03
1.033594985571870952e-03
1.044568699047265445e-03
1.055658920815676213e-03
1.066866887849655422e-03
1.078193850254731715e-03
1.089641071408848153e-03
1.101209828103277052e-03
1.112901410685024524e-03
1.124717123200755925e-03
1.136658283542247433e-03
1.148726223593374155e-03
1.160922289378669460e-03
1.173247841213454021e-03
1.185704253855566657e-03
1.198292916658693936e-03
1.211015233727338230e-03
1.223872624073431368e-03
1.236866521774599315e-03
1.249998376134121673e-03
1.263269651842578853e-03
1.276681829141225509e-03
1.290236403987084614e-03
1.303934888219806165e-03
1.317778809730297922e-03
1.331769712631133799e-03
1.345909157428785020e-03
1.360198721197672942e-03
1.374639997756075442e-03
1.389234597843890537e-03
1.403984149302296269e-03
1.418890297255321394e-03
1.433954704293328173e-03
1.449179050658459507e-03
1.464565034432045677e-03
1.480114371724008818e-03
1.495828796864264506e-03
1.511710062596169227e-03
1.527759940272020028e-03
1.543980220050617403e-03
1.560372711096939769e-03
1.576939241783936914e-03
1.593681659896451722e-03
1.610601832837324412e-03
1.627701647835673839e-03
1.644983012157399472e-03
1.662447853317904241e-03
1.680098119297087711e-03
1.697935778756624317e-03
1.715962821259531864e-03
1.734181257492089069e-03
1.752593119488097574e-03
1.771200460855538094e-03
1.790005357005611383e-03
1.809009905384231006e-03
1.828216225705970753e-03
1.847626460190481641e-03
1.867242773801436415e-03
1.887067354487999152e-03
1.907102413428871145e-03
1.927350185278908735e-03
1.947812928418374886e-03
1.968492925204839896e-03
1.989392482227736458e-03
2.010513930565636931e-03
2.031859626046260414e-03
2.053431949509224377e-03
2.075233307071604368e-03
2.097266130396300936e-03
2.119532876963269724e-03
2.142036030343609510e-03
2.164778100476578027e-03
2.187761623949552054e-03
2.210989164280935653e-03
2.234463312206098548e-03
2.258186685966335951e-03
2.282161931600906225e-03
2.306391723242150714e-03
2.330878763413766000e-03
2.355625783332242901e-03
2.380635543211483910e-03
2.405910832570680186e-03
2.431454470545441147e-03
2.457269306202243455e-03
2.483358218856193764e-03
2.509724118392184147e-03
2.536369945589464058e-03
2.563298672449629279e-03
2.590513302528120194e-03
2.618016871269226824e-03
2.645812446344663043e-03
2.673903127995711729e-03
2.702292049379021940e-03
2.730982376916084135e-03
2.759977310646386916e-03
2.789280084584346356e-03
2.818893967080030039e-03
2.848822261183681873e-03
2.879068305014146571e-03
2.909635472131189005e-03
2.940527171911781323e-03
2.971746849930361270e-03
3.003297988343146731e-03
3.035184106276538150e-03
3.067408760219612288e-03
3.099975544420816194e-03
3.132888091288852251e-03
3.166150071797841064e-03
3.199765195896751326e-03
3.233737212923207694e-03
3.268069912021690990e-03
3.302767122566149793e-03
3.337832714587130566e-03
3.373270599203422818e-03
3.409084729058309976e-03
3.445279098760414219e-03
3.481857745329254138e-03
3.518824748645535579e-03
3.556184231906184788e-03
3.593940362084253968e-03
3.632097350393700963e-03
3.670659452759075618e-03
3.709630970290229458e-03
3.749016249762041324e-03
3.788819684099258706e-03
3.829045712866451737e-03
3.869698822763199559e-03
3.910783548124536352e-03
3.952304471426675708e-03
3.994266223798143001e-03
4.036673485536310113e-03
4.079530986629437486e-03
4.122843507284224343e-03
4.166615878458985490e-03
4.210852982402500666e-03
4.255559753198538166e-03
4.300741177316211479e-03
4.346402294166136840e-03
4.392548196662546083e-03
4.439184031791300160e-03
4.486315001183984602e-03
4.533946361698101661e-03
4.582083426003376488e-03
4.630731563174335201e-03
4.679896199289148781e-03
4.729582818034859006e-03
4.779796961318989040e-03
4.830544229887683526e-03
4.881830283950415461e-03
4.933660843811284169e-03
4.986041690507050927e-03
5.038978666451959972e-03
5.092477676089352673e-03
5.146544686550252705e-03
5.201185728318914389e-03
5.256406895905465192e-03
5.312214348525642373e-03
5.368614310787786850e-03
5.425613073387135915e-03
5.483216993807438211e-03
5.541432497030072263e-03
5.600266076250658143e-03
5.659724293603314062e-03
5.719813780892544011e-03
5.780541240332949873e-03
5.841913445296791421e-03
5.903937241069439311e-03
5.966619545612898007e-03
6.029967350337407314e-03
6.093987720881267368e-03
6.158687797898886214e-03
6.224074797857241659e-03
6.290156013840812049e-03
6.356938816364983771e-03
6.424430654198155788e-03
6.492639055192580243e-03
6.561571627123953879e-03
6.631236058539997057e-03
6.701640119617996091e-03
6.772791663031500591e-03
6.844698624826141969e-03
6.917369025304821208e-03
6.990810969922291868e-03
7.065032650189179142e-03
7.140042344585663045e-03
7.215848419484825749e-03
7.292459330085841740e-03
7.369883621357005594e-03
7.448129928988829820e-03
7.527206980357276089e-03
7.607123595497131130e-03
7.687888688085803106e-03
7.769511266437511589e-03
7.852000434508080162e-03
7.935365392910323848e-03
8.019615439940274218e-03
8.104759972614321989e-03
8.190808487717273628e-03
8.277770582861630755e-03
8.365655957558098405e-03
8.454474414297396753e-03
8.544235859643634773e-03
8.634950305339242349e-03
8.726627869421693315e-03
8.819278777351981236e-03
8.912913363155174074e-03
9.007542070573065079e-03
9.103175454228987565e-03
9.199824180805078050e-03
9.297499030231999931e-03
9.396210896891332362e-03
9.495970790830655581e-03
9.596789838991599819e-03
9.698679286450949746e-03
9.801650497674823520e-03
9.905714957786276864e-03
1.001088427384630442e-02
1.011717017614849334e-02
1.022458451952733098e-02
1.033313928468048912e-02
1.044284657950515435e-02
1.055371864044843573e-02
1.066576783387223476e-02
1.077900665743253446e-02
1.089344774147338844e-02
1.100910385043561701e-02
1.112598788428054847e-02
1.124411287992887337e-02
1.136349201271468455e-02
1.148413859785505330e-02
1.160606609193519725e-02
1.172928809440933196e-02
1.185381834911755292e-02
1.197967074581876915e-02
1.210685932173997080e-02
1.223539826314183794e-02
1.236530190690105988e-02
1.249658474210948132e-02
1.262926141169009447e-02
1.276334671403032105e-02
1.289885560463255310e-02
1.303580319778230995e-02
1.317420476823395921e-02
1.331407575291445634e-02
1.345543175264518783e-02
1.359828853388195084e-02
1.374266203047356041e-02
1.388856834543903719e-02
1.403602375276375228e-02
1.418504469921449615e-02
1.433564780617394528e-02
1.448784987149461141e-02
1.464166787137233944e-02
1.479711896223982921e-02
1.495422048268026279e-02
1.511298995536110822e-02
1.527344508898860996e-02
1.543560378028294156e-02
1.559948411597441610e-02
1.576510437482073895e-02
1.593248302964580740e-02
1.610163874940017878e-02
1.627259040124325387e-02
1.644535705264772024e-02
1.661995797352626772e-02
1.679641263838096282e-02
1.697474072847527521e-02
1.715496213402932860e-02
1.733709695643843862e-02
1.752116551051509027e-02
1.770718832675483717e-02
1.789518615362619205e-02
1.808517995988492832e-02
1.827719093691276137e-02
1.847124050108104112e-02
1.866735029613951838e-02
1.886554219563032000e-02
1.906583830532775081e-02
1.926826096570384561e-02
1.947283275442026826e-02
1.967957648884643626e-02
1.988851522860455093e-02
2.009967227814167881e-02
2.031307118932895034e-02
2.052873576408850709e-02
2.074669005704838504e-02
2.096695837822537198e-02
2.118956529573655725e-02
2.141453563853954606e-02
2.164189449920191771e-02
2.187166723669982729e-02
2.210387947924655899e-02
2.233855712715107286e-02
2.257572635570674266e-02
2.281541361811095445e-02
2.305764564841556591e-02
2.330244946450886478e-02
2.354985237112890845e-02
2.379988196290909810e-02
2.405256612745608133e-02
2.430793304846010083e-02
2.456601120883864647e-02
2.482682939391328558e-02
2.509041669462041060e-02
2.535680251075581385e-02
2.562601655425392200e-02
2.589808885250188125e-02
2.617304975168854159e-02
2.645092992018930125e-02
2.673176035198682188e-02
2.701557237012786744e-02
2.730239763021709287e-02
2.759226812394776837e-02
2.788521618267014723e-02
2.818127448099747023e-02
2.848047604045045311e-02
2.878285423314052779e-02
2.908844278549188589e-02
2.939727578200336533e-02
2.970938766905005177e-02
3.002481325872548637e-02
3.034358773272429963e-02
3.066574664626638830e-02
3.099132593206273267e-02
3.132036190432304495e-02
3.165289126280627918e-02
3.198895109691397148e-02
3.232857888982718780e-02
3.267181252268713115e-02
3.301869027882037982e-02
3.336925084800899249e-02
3.372353333080568838e-02
3.408157724289510165e-02
3.444342251950132522e-02
3.480910951984202140e-02
3.517867903163007792e-02
3.555217227562289251e-02
3.592963091022016719e-02
3.631109703611017786e-02
3.669661320096562207e-02
3.708622240418942700e-02
3.747996810171055904e-02
3.787789421083108399e-02
3.828004511512456132e-02
3.868646566938657716e-02
3.909720120463750642e-02
3.951229753317872517e-02
3.993180095370253008e-02
4.035575825645586201e-02
4.078421672845939511e-02
4.121722415878167206e-02
4.165482884386954854e-02
4.209707959293478019e-02
4.254402573339820942e-02
4.299571711639173233e-02
4.345220412231828866e-02
4.391353766647132506e-02
4.437976920471368991e-02
4.485095073921698677e-02
4.532713482426156681e-02
4.580837457209836067e-02
4.629472365887302848e-02
4.678623633061259474e-02
4.728296740927599023e-02
4.778497229886892461e-02
4.829230699162318646e-02
4.880502807424208500e-02
4.932319273421181816e-02
4.984685876618026590e-02
5.037608457840291043e-02
5.091092919925768734e-02
5.145145228382901059e-02
5.199771412056120728e-02
5.254977563798315238e-02
5.310769841150394383e-02
5.367154467028108916e-02
5.424137730416101616e-02
5.481725987069383660e-02
5.539925660222250192e-02
5.598743241304678792e-02
5.658185290666389172e-02
5.718258438308553709e-02
5.778969384623310057e-02
5.840324901141075165e-02
5.902331831285834163e-02
5.964997091138460328e-02
6.028327670208074446e-02
6.092330632211657299e-02
6.157013115861934005e-02
6.222382335663569075e-02
6.288445582717877569e-02
6.355210225536039870e-02
6.422683710860994932e-02
6.490873564497985637e-02
6.559787392153987318e-02
6.629432880286048602e-02
6.699817796958576488e-02
6.770949992709791865e-02
6.842837401427342980e-02
6.915488041233254501e-02
6.988910015378207996e-02
7.063111513145377274e-02
7.138100810763857440e-02
7.213886272331732075e-02
7.290476350749006129e-02
7.367879588660408707e-02
7.446104619408244751e-02
7.525160167995284533e-02
7.605055052057958787e-02
7.685798182849862270e-02
7.767398566235661495e-02
7.849865303695596763e-02
7.933207593340634023e-02
8.017434730938420573e-02
8.102556110950068224e-02
8.188581227577999833e-02
8.275519675824938304e-02
8.363381152564058896e-02
8.452175457620565713e-02
8.541912494864774275e-02
8.632602273316704322e-02
8.724254908262495112e-02
8.816880622382614052e-02
8.910489746892109875e-02
9.005092722692863150e-02
9.100700101538172770e-02
9.197322547209693666e-02
9.294970836706786810e-02
9.393655861448595157e-02
9.493388628488824699e-02
9.594180261743474880e-02
9.696042003231518380e-02
9.798985214328825855e-02
9.903021377035417516e-02
1.000816209525607348e-01
1.011441909609463730e-01
1.022180423116200720e-01
1.033032947789807449e-01
1.044000694090758685e-01
1.055084885331030869e-01
1.066286757810546021e-01
1.077607560955062133e-01
1.089048557455540439e-01
1.100611023408968742e-01
1.112296248460702686e-01
1.124105535948306672e-01
1.136040203046925073e-01
1.148101580916196102e-01
1.160291014848723185e-01
1.172609864420134235e-01
1.185059503640711887e-01
1.197641321108655066e-01
1.210356720164957461e-01
1.223207119049932595e-01
1.236193951061397428e-01
1.249318664714548638e-01
1.262582723903511173e-01
1.275987608064626244e-01
1.289534812341462111e-01
1.303225847751577349e-01
1.317062241355055618e-01
1.331045536424828035e-01
1.345177292618814913e-01
1.359459086153870233e-01
1.373892509981599619e-01
1.388479173966029601e-01
1.403220705063169815e-01
1.418118747502476740e-01
1.433174962970244493e-01
1.448391030794957401e-01
1.463768648134578521e-01
1.479309530165858200e-01
1.495015410275637446e-01
1.510888040254184939e-01
1.526929190490586841e-01
1.543140650170207462e-01
1.559524227474264335e-01
1.576081749781485797e-01
1.592815063871947934e-01
1.609726036133052873e-01
1.626816552767702817e-01
1.644088520004680920e-01
1.661543864311262608e-01
1.679184532608103964e-01
1.697012492486373314e-01
1.715029732427226228e-01
1.733238262023590326e-01
1.751640112204311261e-01
1.770237335460675132e-01
1.789032006075335357e-01
1.808026220353686486e-01
1.827222096857658018e-01
1.846621776642028978e-01
1.866227423493229398e-01
1.886041224170685038e-01
1.906065388650721171e-01
1.926302150373053745e-01
1.946753766489916493e-01
1.967422518117795116e-01
1.988310710591870145e-01
2.009420673723145701e-01
2.030754762058309126e-01
2.052315355142350917e-01
2.074104857783967970e-01
2.096125700323807073e-01
2.118380338905511973e-01
2.140871255749692004e-01
2.163600959430778403e-01
2.186571985156823272e-01
2.209786895052264777e-01
2.233248278443718260e-01
2.256958752148754965e-01
2.280920960767792993e-01
2.305137576979063296e-01
2.329611301836714277e-01
2.354344865072078574e-01
2.379341025398135079e-01
2.404602570817228335e-01
2.430132318932004543e-01
2.455933117259699316e-01
2.482007843549735582e-01
2.508359406104702094e-01
2.534990744104735350e-01
2.561904827935343465e-01
2.589104659518734475e-01
2.616593272648612967e-01
2.644373733328581055e-01
2.672449140114104282e-01
2.700822624458120158e-01
2.729497351060309329e-01
2.758476518220071005e-01
2.787763358193277030e-01
2.817361137552752970e-01
2.847273157552646095e-01
2.877502754496634729e-01
2.908053300110043926e-01
2.938928201915926297e-01
2.970130903615114115e-01
3.001664885470351485e-01
3.033533664694429977e-01
3.065740795842519240e-01
3.098289871208621538e-01
3.131184521226248463e-01
3.164428414873348694e-01
3.198025260081530097e-01
3.231978804149656659e-01
3.266292834161773628e-01
3.300971177409534607e-01
3.336017701819080084e-01
3.371436316382455112e-01
3.407230971593607216e-01
3.443405659889007819e-01
3.479964416092983792e-01
3.516911317867709719e-01
3.554250486168047951e-01
3.591986085701176501e-01
3.630122325391116900e-01
3.668663458848178682e-01
3.707613784843392102e-01
3.746977647788009014e-01
3.786759438218023632e-01
3.826963593283906895e-01
3.867594597245510024e-01
3.908656981972226108e-01
3.950155327448451326e-01
3.992094262284459072e-01
4.034478464232612027e-01
4.077312660709139225e-01
4.120601629321410386e-01
4.164350198400814662e-01
4.208563247541304841e-01
4.253245708143639781e-01
4.298402563965454948e-01
4.344038851677087254e-01
4.390159661423383985e-01
4.436770137391435331e-01
4.483875478384341529e-01
4.531480938401075131e-01
4.579591827222486144e-01
4.628213511003578806e-01
4.677351412871981196e-01
4.727011013532863015e-01
4.777197851880229940e-01
4.827917525614714989e-01
4.879175691867929654e-01
4.930978067833438616e-01
4.983330431404475180e-01
5.036238621818335259e-01
5.089708540307705809e-01
5.143746150758866653e-01
5.198357480376880613e-01
5.253548620357855192e-01
5.309325726568323578e-01
5.365695020231902035e-01
5.422662788623113794e-01
5.480235385768708056e-01
5.538419233156348653e-01
5.597220820450858891e-01
5.656646706218055876e-01
5.716703518656260918e-01
5.777397956335643681e-01
5.838736788945284584e-01
5.900726858048300771e-01
5.963375077844917937e-01
6.026688435943663436e-01
6.090673994140743952e-01
6.155338889207688791e-01
6.220690333687410867e-01
6.286735616698602147e-01
6.353482104748792159e-01
6.420937242555971869e-01
6.489108553878960572e-01
6.558003642356582397e-01
6.627630192355742356e-01
6.697995969828576257e-01
6.769108823178555667e-01
6.840976684135937624e-01
6.913607568642432533e-01
6.987009577745277866e-01
7.061190898500794288e-01
7.136159804887604041e-01
7.211924658729398363e-01
7.288493910627656946e-01
7.365876100904183987e-01
7.444079860553672878e-01
7.523113912206385034e-01
7.602987071101031669e-01
7.683708246068061687e-01
7.765286440523238021e-01
7.847730753471914289e-01
7.931050380523892995e-01
8.015254614919085085e-01
8.100352848564047470e-01
8.186354573079515085e-01
8.273269380859138433e-01
8.361106966139287833e-01
8.449877126080391765e-01
8.539589761859669448e-01
8.630254879775477450e-01
8.721882592363385811e-01
8.814483119524084698e-01
8.908066789663352525e-01
9.002644040843957862e-01
9.098225421949952541e-01
9.194821593863257148e-01
9.292443330652740974e-01
9.391101520775929634e-01
9.490807168293462492e-01
9.591571394096521930e-01
9.693405437147118997e-01
9.796320655731728388e-01
9.900328528728142841e-01
1.000544065688579565e+00
1.011166876411967452e+00
1.021902469881795783e+00
1.032752043516362406e+00
1.043716807446990913e+00
1.054797984653012000e+00
1.065996811098170793e+00
1.077314535868481693e+00
1.088752421311547591e+00
1.100311743177357915e+00
1.111993790760589684e+00
1.123799867044399381e+00
1.135731288845762466e+00
1.147789386962345670e+00
1.159975506320940042e+00
1.172291006127471169e+00
1.184737260018597471e+00
1.197315656214932522e+00
1.210027597675868538e+00
1.222874502256068752e+00
1.235857802863607136e+00
1.248978947619792557e+00
1.262239400020684910e+00
1.275640639100339868e+00
1.289184159595760271e+00
1.302871472113626306e+00
1.316704103298780515e+00
1.330683596004506697e+00
1.344811509464615140e+00
1.359089419467351290e+00
1.373518918531168254e+00
1.388101616082332956e+00
1.402839138634449201e+00
1.417733129969872108e+00
1.432785251323049902e+00
1.447997181565814362e+00
1.463370617394634143e+00
1.478907273519871612e+00
1.494608882857019205e+00
1.510477196719995252e+00
1.526513985016478392e+00
1.542721036445317440e+00
1.559100158696039351e+00
1.575653178650468611e+00
1.592381942586507337e+00
1.609288316384043016e+00
1.626374185733078015e+00
1.643641456344050011e+00
1.661092054160389520e+00
1.678727925573334945e+00
1.696551037639024040e+00
1.714563378297907503e+00
1.732766956596457186e+00
1.751163802911264389e+00
1.769755969175498267e+00
1.788545529107772980e+00
1.807534578443444451e+00
1.826725235168358941e+00
1.846119639755102737e+00
1.865719955401721641e+00
1.885528368273013511e+00
1.905547087744362544e+00
1.925778346648167938e+00
1.946224401522886227e+00
1.966887532864717292e+00
1.987770045381978656e+00
2.008874268252143658e+00
2.030202555381647400e+00
2.051757285668429631e+00
2.073540863267271828e+00
2.095555717857948252e+00
2.117804304916224734e+00
2.140289105987748464e+00
2.163012628964809725e+00
2.185977408366083008e+00
2.209186005619312443e+00
2.232641009347010375e+00
2.256345035655177522e+00
2.280300728425115775e+00
2.304510759608293657e+00
2.328977829524382148e+00
2.353704667162440423e+00
2.378694030485298594e+00
2.403948706737172092e+00
2.429471512754538765e+00
2.455265295280342652e+00
2.481332931281478249e+00
2.507677328269703132e+00
2.534301424625926558e+00
2.561208189927949075e+00
2.588400625281679801e+00
2.615881763655868220e+00
2.643654670220413117e+00
2.671722442688210464e+00
2.700088211660686799e+00
2.728755140976971472e+00
2.757726428066781921e+00
2.787005304307057951e+00
2.816595035382372103e+00
2.846498921649200486e+00
2.876720298503999462e+00
2.907262536755250704e+00
2.938129042999424900e+00
2.969323260000944043e+00
3.000848667076179144e+00
3.032708780481516264e+00
3.064907153805574325e+00
3.097447378365526749e+00
3.130333083607690803e+00
3.163567937512340222e+00
3.197155647002821066e+00
3.231099958359011648e+00
3.265404657635166519e+00
3.300073571082227541e+00
3.335110565574554542e+00
3.370519549041252727e+00
3.406304470902044024e+00
3.442469322507775598e+00
3.479018137585602855e+00
3.515954992688895775e+00
3.553284007651950738e+00
3.591009346049466977e+00
3.629135215660964864e+00
3.667665868940105156e+00
3.706605603488995815e+00
3.745958762537525466e+00
3.785729735427826981e+00
3.825922958103807225e+00
3.866542913605948595e+00
3.907594132571328149e+00
3.949081193738953388e+00
3.991008724460460844e+00
4.033381401216229456e+00
4.076203950137017529e+00
4.119481147531049992e+00
4.163217820416787340e+00
4.207418847061313194e+00
4.252089157524439500e+00
4.297233734208592004e+00
4.342857612414527502e+00
4.388965880902987671e+00
4.435563682462236201e+00
4.482656214481705703e+00
4.530248729531692220e+00
4.578346535949207485e+00
4.626954998430064414e+00
4.676079538627223364e+00
4.725725635755548382e+00
4.775898827202889052e+00
4.826604709147740202e+00
4.877848937183418165e+00
4.929637226948864637e+00
4.981975354766159825e+00
5.034869158284781321e+00
5.088324537132763226e+00
5.142347453574661387e+00
5.196943933176612518e+00
5.252120065478393940e+00
5.307882004672634046e+00
5.364235970291240108e+00
5.421188247899089596e+00
5.478745189795151127e+00
5.536913215720939085e+00
5.595698813576592379e+00
5.655108540144508922e+00
5.715149021820674413e+00
5.775826955353742242e+00
5.837149108591968449e+00
5.899122321238121636e+00
5.961753505612294113e+00
6.025049647422929588e+00
6.089017806545978573e+00
6.153665117812336049e+00
6.218998791803643122e+00
6.285026115656521917e+00
6.351754453875410711e+00
6.419191249153906931e+00
6.487344023204954624e+00
6.556220377599782267e+00
6.625827994615762329e+00
6.696174638093253861e+00
6.767268154301619987e+00
6.839116472814292358e+00
6.911727607393269857e+00
6.985109656882938722e+00
7.059270806113394414e+00
7.134219326813352247e+00
7.209963578532744499e+00
7.286512009575174531e+00
7.363873157940130199e+00
7.442055652275350042e+00
7.521068212839220557e+00
7.600919652473413279e+00
7.681618877585839833e+00
7.763174889144035973e+00
7.845596783679167352e+00
7.928893754300535335e+00
8.013075091721013621e+00
8.098150185293294001e+00
8.184128524057152632e+00
8.271019697797818537e+00
8.358833398115590896e+00
8.447579419506869414e+00
8.537267660456508978e+00
8.627908124541933788e+00
8.719510921548893734e+00
8.812086268599085059e+00
8.905644491289729459e+00
9.000196024845253717e+00
9.095751415281279506e+00
9.192321320580775890e+00
9.289916511882911010e+00
9.388547874684402217e+00
9.488226410053659521e+00
9.588963235857814738e+00
9.690769588002755341e+00
9.793656821686433034e+00
9.897636412665262284e+00
1.000271995853417550e+01
1.010891918002017498e+01
1.021624592228961959e+01
1.032471215626940797e+01
1.043432997998216116e+01
1.054511161989568357e+01
1.065706943228654424e+01
1.077021590461834855e+01
1.088456365693452987e+01
1.100012544326595787e+01
1.111691415305348762e+01
1.123494281258558480e+01
1.135422458645133759e+01
1.147477277900865822e+01
1.159660083586830837e+01
1.171972234539355995e+01
1.184415104021580767e+01
1.196990079876624158e+01
1.209698564682389943e+01
1.222541975907992828e+01
1.235521746071868243e+01
1.248639322901549242e+01
1.261896169495141251e+01
1.275293764484513304e+01
1.288833602200216610e+01
1.302517192838169002e+01
1.316346062628083047e+01
1.330321754003706580e+01
1.344445825774859671e+01
1.358719853301299985e+01
1.373145428668433965e+01
1.387724160864890166e+01
1.402457675961993822e+01
1.417347617295116358e+01
1.432395645646980320e+01
1.447603439432895378e+01
1.462972694887964309e+01
1.478505126256276370e+01
1.494202465982105643e+01
1.510066464903156458e+01
1.526098892445827815e+01
1.542301536822582264e+01
1.558676205231395784e+01
1.575224724057327563e+01
1.591948939076229408e+01
1.608850715660615549e+01
1.625931938987734071e+01
1.643194514249815441e+01
1.660640366866583761e+01
1.678271442700011207e+01
1.696089708271353302e+01
1.714097150980489204e+01
1.732295779327587226e+01
1.750687623137141458e+01
1.769274733784352449e+01
1.788059184423944359e+01
1.807043070221397230e+01
1.826228508586633836e+01
1.845617639410192368e+01
1.865212625301897020e+01
1.885015651832087613e+01
1.905028927775367009e+01
1.925254685356977902e+01
1.945695180501774857e+01
1.966352693085845260e+01
1.987229527190797640e+01
2.008328011360751120e+01
2.029650498862070052e+01
2.051199367945815411e+01
2.072977022113026635e+01
2.094985890382795901e+01
2.117228427563193804e+01
2.139707114525069542e+01
2.162424458478774980e+01
2.185382993253788442e+01
2.208585279581347294e+01
2.232033905380059124e+01
2.255731486044554046e+01
2.279680664737196238e+01
2.303884112682889196e+01
2.328344529467039692e+01
2.353064643336629658e+01
2.378047211504538083e+01
2.403295020457068532e+01
2.428810886264744440e+01
2.454597654896407377e+01
2.480658202536641710e+01
2.506995435906599567e+01
2.533612292588174597e+01
2.560511741351674075e+01
2.587696782486941061e+01
2.615170448137999770e+01
2.642935802641250831e+01
2.670995942867255124e+01
2.699353998566170532e+01
2.728013132716803568e+01
2.756976541879421205e+01
2.786247456552280255e+01
2.815829141531948565e+01
2.845724896277451421e+01
2.875938055278277616e+01
2.906471988426324060e+01
2.937330101391727055e+01
2.968515836002746511e+01
3.000032670629650156e+01
3.031884120572683727e+01
3.064073738454155205e+01
3.096605114614679977e+01
3.129481877513661914e+01
3.162707694133964154e+01
3.196286270390939421e+01
3.230221351545770148e+01
3.264516722623206846e+01
3.299176208833737434e+01
3.334203676000232974e+01
3.369603030989160430e+01
3.405378222146301681e+01
3.441533239737167804e+01
3.478072116392056756e+01
3.514998927555840424e+01
3.552317791942528658e+01
3.590032871994651487e+01
3.628148374347558303e+01
3.666668550298567197e+01
3.705597696281173370e+01
3.744940154344254069e+01
3.784700312636368835e+01
3.824882605895194132e+01
3.865491515942190404e+01
3.906531572182448997e+01
3.948007352109916468e+01
3.989923481817952222e+01
4.032284636515306175e+01
4.075095541047580383e+01
4.118360970424217271e+01
4.162085750351123181e+01
4.206274757768864703e+01
4.250932921396663033e+01
4.296065222282120288e+01
4.341676694356791444e+01
4.387772424997656628e+01
4.434357555594542788e+01
4.481437282123616939e+01
4.529016855726875690e+01
4.577101583297880438e+01
4.625696828073662203e+01
4.674808010232926847e+01
4.724440607500600464e+01
4.774600155758795239e+01
4.825292249664303768e+01
4.876522543272550081e+01
4.928296750668271642e+01
4.980620646602837809e+01
5.033500067138352563e+01
5.086940910298591234e+01
5.140949136726840862e+01
5.195530770350774219e+01
5.250691899054277201e+01
5.306438675356522339e+01
5.362777317098187524e+01
5.419714108134979114e+01
5.477255399038514838e+01
5.535407607804639696e+01
5.594177220569314102e+01
5.653570792331992578e+01
5.713594947686794967e+01
5.774256381561386320e+01
5.835561859963707576e+01
5.897518220736638028e+01
5.960132374320658499e+01
6.023411304524669418e+01
6.087362069304874979e+01
6.151991801552055250e+01
6.217307709887133171e+01
6.283317079465213340e+01
6.350027272788137367e+01
6.417445730525672332e+01
6.485579972345468036e+01
6.554437597751709177e+01
6.624026286932787855e+01
6.694353801617916133e+01
6.765427985942861255e+01
6.837256767324828388e+01
6.909848157346725372e+01
6.983210252650674477e+01
7.057351235841133530e+01
7.132279376397556803e+01
7.208003031596743426e+01
7.284530647444991303e+01
7.361870759620116189e+01
7.440031994423571859e+01
7.519023069742499388e+01
7.598852796022163147e+01
7.679530077248631414e+01
7.761063911941893423e+01
7.843463394159537927e+01
7.926737714511058641e+01
8.010896161183011088e+01
8.095948120974904327e+01
8.181903080346232571e+01
8.268770626474555741e+01
8.356560448324830759e+01
8.445282337730083100e+01
8.534946190483555029e+01
8.625562007442513845e+01
8.717139895643617820e+01
8.809690069430304504e+01
8.903222851592042275e+01
8.997748674515709411e+01
9.093278081349197350e+01
9.189821727177337607e+01
9.287390380210425178e+01
9.385994922985152300e+01
9.485646353578501078e+01
9.586355786834408832e+01
9.688134455603500328e+01
9.790993711995953674e+01
9.894945028647673269e+01
1.000000000000000000e+02
