0.000000000000000000e+00
2.857142857142857054e-02
5.714285714285714107e-02
8.571428571428571508e-02
1.142857142857142821e-01
1.428571428571428492e-01
1.714285714285714302e-01
1.999999999999999833e-01
2.285714285714285643e-01
2.571428571428571175e-01
2.857142857142856984e-01
3.142857142857142794e-01
3.428571428571428603e-01
3.714285714285714413e-01
3.999999999999999667e-01
4.285714285714285476e-01
4.571428571428571286e-01
4.857142857142857095e-01
5.142857142857142350e-01
5.428571428571428159e-01
5.714285714285713969e-01
5.999999999999999778e-01
6.285714285714285587e-01
6.571428571428571397e-01
6.857142857142857206e-01
7.142857142857143016e-01
7.428571428571428825e-01
7.714285714285713524e-01
7.999999999999999334e-01
8.285714285714285143e-01
8.571428571428570953e-01
8.857142857142856762e-01
9.142857142857142572e-01
9.428571428571428381e-01
9.714285714285714191e-01
1.000000000000000000e+00
1.028571428571428470e+00
1.057142857142857162e+00
1.085714285714285632e+00
1.114285714285714324e+00
1.142857142857142794e+00
1.171428571428571486e+00
1.199999999999999956e+00
1.228571428571428426e+00
1.257142857142857117e+00
1.285714285714285587e+00
1.314285714285714279e+00
1.342857142857142749e+00
1.371428571428571441e+00
1.399999999999999911e+00
1.428571428571428603e+00
1.457142857142857073e+00
1.485714285714285765e+00
1.514285714285714235e+00
1.542857142857142705e+00
1.571428571428571397e+00
1.599999999999999867e+00
1.628571428571428559e+00
1.657142857142857029e+00
1.685714285714285721e+00
1.714285714285714191e+00
1.742857142857142883e+00
1.771428571428571352e+00
1.800000000000000044e+00
1.828571428571428514e+00
1.857142857142856984e+00
1.885714285714285676e+00
1.914285714285714146e+00
1.942857142857142838e+00
1.971428571428571308e+00
2.000000000000000000e+00
2.028571428571428470e+00
2.057142857142856940e+00
2.085714285714285854e+00
2.114285714285714324e+00
2.142857142857142794e+00
2.171428571428571264e+00
2.199999999999999734e+00
2.228571428571428648e+00
2.257142857142857117e+00
2.285714285714285587e+00
2.314285714285714057e+00
2.342857142857142971e+00
2.371428571428571441e+00
2.399999999999999911e+00
2.428571428571428381e+00
2.457142857142856851e+00
2.485714285714285765e+00
2.514285714285714235e+00
2.542857142857142705e+00
2.571428571428571175e+00
2.600000000000000089e+00
2.628571428571428559e+00
2.657142857142857029e+00
2.685714285714285499e+00
2.714285714285714413e+00
2.742857142857142883e+00
2.771428571428571352e+00
2.799999999999999822e+00
2.828571428571428292e+00
2.857142857142857206e+00
2.885714285714285676e+00
2.914285714285714146e+00
2.942857142857142616e+00
2.971428571428571530e+00
3.000000000000000000e+00
3.009999999999999787e+00
4.394999999999999574e+00
5.779999999999999361e+00
7.165000000000000036e+00
8.550000000000000711e+00
9.934999999999998721e+00
1.132000000000000028e+01
1.270500000000000007e+01
1.408999999999999986e+01
1.547499999999999964e+01
1.685999999999999943e+01
1.824499999999999744e+01
1.963000000000000256e+01
2.101500000000000057e+01
2.239999999999999858e+01
2.378499999999999659e+01
2.517000000000000171e+01
2.655499999999999972e+01
2.793999999999999773e+01
2.932500000000000284e+01
3.071000000000000085e+01
3.209499999999999886e+01
3.347999999999999687e+01
3.486500000000000199e+01
3.625000000000000000e+01
3.763499999999999801e+01
3.901999999999999602e+01
4.040500000000000114e+01
4.178999999999999915e+01
4.317499999999999716e+01
4.455999999999999517e+01
4.594500000000000028e+01
4.732999999999999829e+01
4.871499999999999631e+01
5.010000000000000142e+01
