5.000000000000000000e+01 7.156158579478463233e-01
1.000000000000000000e+02 4.134805823256575141e-02
1.500000000000000000e+02 9.732341762926517356e-03
2.000000000000000000e+02 2.932505187790294780e-03
2.500000000000000000e+02 1.255807263228103220e-03
3.000000000000000000e+02 5.090421010855531456e-04
3.500000000000000000e+02 2.639819780232091238e-04
4.000000000000000000e+02 1.705802057043690487e-04
4.500000000000000000e+02 9.383859137022545853e-05
5.000000000000000000e+02 7.172680926439341004e-05
5.500000000000000000e+02 4.358880417729606041e-05
6.000000000000000000e+02 3.081849267059734085e-05
6.500000000000000000e+02 2.135709717285260171e-05
7.000000000000000000e+02 1.861379728499148878e-05
7.500000000000000000e+02 1.220232270553001872e-05
8.000000000000000000e+02 9.935932818953354493e-06
8.500000000000000000e+02 7.465978636107254882e-06
9.000000000000000000e+02 6.515905938725728400e-06
9.500000000000000000e+02 4.596933807098332382e-06
1.000000000000000000e+03 4.243324635742810831e-06
