5.000000000000000000e-01 3.633079631329390935e+01
5.526315789473683626e-01 6.835842976379191249e+00
6.052631578947368363e-01 1.390965668474802630e+00
6.578947368421053099e-01 3.462227793376251306e-01
7.105263157894736725e-01 1.236303966969508200e-01
7.631578947368420351e-01 3.201956860271247540e-02
8.157894736842105088e-01 1.494381608183112387e-02
8.684210526315789824e-01 1.152018106384726688e-02
9.210526315789473450e-01 1.233429792527352895e-02
9.736842105263157077e-01 5.842747251580771538e-03
1.026315789473684070e+00 1.074321868603618328e-03
1.078947368421052655e+00 9.702981694201814151e-04
1.131578947368421018e+00 1.380148880976301336e-03
1.184210526315789380e+00 1.203161768926217521e-03
1.236842105263157965e+00 7.878370306285967717e-04
1.289473684210526327e+00 6.850995303571972813e-04
1.342105263157894690e+00 6.828677978817568458e-04
1.394736842105263053e+00 3.989888381274564032e-04
1.447368421052631415e+00 9.880021583005225158e-05
1.500000000000000000e+00 6.741765138958072466e-05
