5.000000000000000000e+01 5.727477111579614366e+00
1.000000000000000000e+02 3.428666097581871686e-01
1.500000000000000000e+02 9.416327445413796848e-02
2.000000000000000000e+02 2.487972397768451610e-02
2.500000000000000000e+02 1.040400835314359354e-02
3.000000000000000000e+02 7.848157954523185889e-03
3.500000000000000000e+02 3.123088785731319844e-03
4.000000000000000000e+02 2.660980683193810408e-03
4.500000000000000000e+02 1.458928409296149234e-03
5.000000000000000000e+02 1.847827862001530288e-03
5.500000000000000000e+02 9.893956827981952723e-04
6.000000000000000000e+02 9.590552364719169163e-04
6.500000000000000000e+02 3.918052632355417697e-04
7.000000000000000000e+02 1.534409345692475601e-04
7.500000000000000000e+02 9.720022364569636778e-05
8.000000000000000000e+02 1.048738419243524703e-04
8.500000000000000000e+02 1.287266983944602516e-04
9.000000000000000000e+02 1.558119956928944296e-04
9.500000000000000000e+02 2.704726838769286735e-04
1.000000000000000000e+03 1.117911176533509026e-04
